Date,High,Low,Open,Close,Volume,Adj Close,5일선,8일선,10일선,30일선,45일선,60일선,120일선
2005-07-29,40087.6015625,34858.80078125,34858.80078125,40087.6015625,516.0,40087.6015625,,,,,,,
2005-08-01,46091.0,46091.0,46091.0,46091.0,207.0,46091.0,,,,,,,
2005-08-02,52965.8984375,52965.8984375,52965.8984375,52965.8984375,2272.0,52965.8984375,,,,,,,
2005-08-03,60906.0,60906.0,60906.0,60906.0,125788.0,60906.0,,,,,,,
2005-08-04,70008.0,67974.6015625,70008.0,70008.0,729630.0,70008.0,54011.7,,,,,,
2005-08-05,79691.0,67974.6015625,69330.203125,77173.3984375,2616031.0,77173.3984375,61428.859375,,,,,,
2005-08-08,78432.203125,65844.296875,76495.6015625,66425.296875,1056492.0,66425.296875,65495.71875,,,,,,
2005-08-09,70879.5,60712.30078125,67587.296875,69233.3984375,1914492.0,69233.3984375,68749.21875,60361.32421875,,,,,
2005-08-10,71654.1015625,65457.0,67974.6015625,65457.0,1272334.0,65457.0,69659.41875,63532.4990234375,,,,,
2005-08-11,66522.1015625,61196.5,64876.0,61487.0,710834.0,61487.0,67955.21875,65456.9990234375,60983.459375,,,,
2005-08-12,66038.0,59066.19921875,62358.3984375,61583.80078125,1612002.0,61583.80078125,64837.29921875,66534.23681640625,63133.079296875,,,,
2005-08-16,65166.5,60615.5,61002.80078125,64004.6015625,1176806.0,64004.6015625,64353.16015625,66921.56201171875,64924.439453125,,,,
2005-08-17,66715.796875,61196.5,64391.8984375,61196.5,1175773.0,61196.5,62745.78046875,65820.12451171875,65747.499609375,,,,
2005-08-18,61680.6015625,56161.30078125,61002.80078125,56451.80078125,733864.0,56451.80078125,60944.740625,63229.9248046875,65302.0796875,,,,
2005-08-19,58001.1015625,53934.19921875,56451.80078125,54418.3984375,680162.0,54418.3984375,59531.0203125,61729.0625,63743.11953125,,,,
2005-08-22,55870.80078125,54321.6015625,54515.19921875,55193.0,608077.0,55193.0,58252.86015625,59974.0126953125,61545.0796875,,,,
2005-08-23,56161.30078125,51319.80078125,55289.8984375,51319.80078125,1218116.0,51319.80078125,55715.9,58206.86279296875,60034.530078125,,,,
2005-08-24,51029.3984375,46333.1015625,51029.3984375,47204.6015625,941032.0,47204.6015625,52917.5203125,56421.56298828125,57831.650390625,,,,
2005-08-25,51416.69921875,46575.19921875,47834.0,50254.69921875,1388311.0,50254.69921875,51678.1,55005.42529296875,56311.4203125,,,,
2005-08-26,49867.3984375,43186.1015625,49480.1015625,44057.6015625,1139524.0,44057.6015625,49605.940625,52512.05029296875,54568.48046875,,,,
2005-08-29,42411.5,37473.19921875,40862.19921875,37473.19921875,1183312.0,37473.19921875,46061.98046875,49546.6376953125,52157.4203125,,,,
2005-08-30,39845.5,36262.80078125,38247.80078125,39216.1015625,1509038.0,39216.1015625,43641.240625,47392.17529296875,49678.5703125,,,,
2005-08-31,39893.8984375,37570.0,38247.80078125,39893.8984375,929878.0,39893.8984375,42179.1,45576.61279296875,47548.31015625,,,,
2005-09-01,41685.30078125,38925.6015625,39797.1015625,38925.6015625,1449346.0,38925.6015625,39913.28046875,43543.18798828125,45795.690234375,,,,
2005-09-02,41346.3984375,38732.0,39264.5,40862.19921875,1093980.0,40862.19921875,39274.2,42235.98779296875,44440.0703125,,,,
2005-09-05,43137.69921875,41007.5,42217.80078125,41540.0,1251886.0,41540.0,40087.56015625,41527.91259765625,43074.7703125,,,,
2005-09-06,42024.19921875,39893.8984375,41540.0,40426.5,614790.0,40426.5,40329.63984375,40299.3876953125,41985.440234375,,,,
2005-09-07,41201.1015625,40426.5,41201.1015625,40910.6015625,413715.0,40910.6015625,40532.98046875,39906.0126953125,41356.040234375,,,,
2005-09-08,45074.30078125,41007.5,41055.8984375,43428.19921875,1792422.0,43428.19921875,41433.5,40650.3876953125,40673.390234375,,,,
2005-09-09,44493.30078125,42363.1015625,43234.5,44348.1015625,586906.0,44348.1015625,42130.68046875,41291.8876953125,40702.440234375,52084.793359375,,,
2005-09-12,45849.0,44009.19921875,44638.6015625,44154.3984375,632966.0,44154.3984375,42653.56015625,41824.4501953125,41370.56015625,52220.353255208334,,,
2005-09-13,44638.6015625,42750.3984375,43718.69921875,43573.3984375,482083.0,43573.3984375,43282.93984375,42405.4248046875,41806.28984375,52136.433203125,,,
2005-09-14,43863.8984375,42121.0,43573.3984375,42266.19921875,456780.0,42266.19921875,43554.059375,42580.9248046875,42043.519921875,51779.7765625,,,
2005-09-15,42556.69921875,39893.8984375,41636.8984375,40184.3984375,476816.0,40184.3984375,42905.29921875,42411.474609375,42169.399609375,51089.05651041667,,,
2005-09-16,41055.8984375,39651.80078125,39893.8984375,40329.6015625,339668.0,40329.6015625,42101.59921875,42399.3623046875,42116.13984375,50099.7765625,,,
2005-09-20,42072.6015625,40426.5,40426.5,41540.0,550140.0,41540.0,41578.71953125,42478.037109375,42116.13984375,48911.99661458333,,,
2005-09-21,44493.30078125,41007.5,41540.0,42556.69921875,840236.0,42556.69921875,41375.3796875,42369.099609375,42329.159765625,48116.376692708334,,,
2005-09-22,44348.1015625,42024.19921875,42702.0,42217.80078125,528866.0,42217.80078125,41365.7,42102.81201171875,42459.8796875,47215.856770833336,,,
2005-09-23,42750.3984375,40862.19921875,42508.30078125,41152.69921875,327275.0,41152.69921875,41559.36015625,41727.599609375,42232.3296875,46405.71341145833,,,
2005-09-26,43476.6015625,41540.0,41733.69921875,42459.8984375,646185.0,42459.8984375,41985.41953125,41588.412109375,42043.509375,45771.47669270833,,,
2005-09-27,43621.8984375,41782.1015625,42605.1015625,43621.8984375,383869.0,43621.8984375,42401.79921875,41757.87451171875,41990.259375,45172.74661458333,,,
2005-09-28,49286.3984375,44638.6015625,45025.8984375,47253.0,1529177.0,47253.0,43341.059375,42641.44970703125,42358.21953125,44614.35989583333,,,
2005-09-29,47882.3984375,45510.0,47495.1015625,46478.30078125,455025.0,46478.30078125,44193.159375,43410.037109375,42779.4296875,44123.753255208336,,,
2005-09-30,49189.6015625,46187.8984375,46865.69921875,47930.80078125,797068.0,47930.80078125,45548.7796875,44208.88720703125,43554.069921875,43839.719921875,,,
2005-10-04,55096.19921875,48511.80078125,48608.6015625,55096.19921875,918312.0,55096.19921875,48076.03984375,45776.32470703125,45030.7296875,43862.31328125,49407.97986111111,,
2005-10-05,63326.69921875,57129.6015625,59840.8984375,63326.69921875,2201283.0,63326.69921875,52017.0,48414.93701171875,47209.399609375,44133.43658854167,49924.404253472225,,
2005-10-06,70008.0,55483.5,62939.3984375,58097.8984375,3583604.0,58097.8984375,54185.9796875,50533.0869140625,48763.51953125,44359.37317708333,50191.22421875,,
2005-10-07,64585.5,57904.30078125,59163.1015625,63714.1015625,2608389.0,63714.1015625,57633.13984375,53189.8623046875,50913.149609375,44909.68984375,50430.07317708333,,
2005-10-10,67490.3984375,61390.1015625,64876.0,63133.1015625,1886608.0,63133.1015625,60673.6,55628.7626953125,53111.18984375,45338.969921875,50479.56432291667,,
2005-10-11,63714.1015625,57129.6015625,62455.30078125,59550.3984375,1525872.0,59550.3984375,61564.43984375,57165.9375,54820.23984375,45855.396484375,50247.173177083336,,
2005-10-12,61293.30078125,57420.1015625,61002.80078125,57904.30078125,1017145.0,57904.30078125,60479.96015625,58594.1875,56248.480078125,46536.433203125,49818.97100694444,,
2005-10-13,60131.3984375,56064.5,57226.5,59066.19921875,1205620.0,59066.19921875,60673.6203125,59986.1123046875,57429.8,47198.103125,49655.435503472225,,
2005-10-14,60421.80078125,54999.3984375,59066.19921875,56645.5,887742.0,56645.5,59259.9,60179.77490234375,58446.519921875,47756.48984375,49375.704427083336,,
2005-10-17,59647.19921875,56258.19921875,57129.6015625,57807.3984375,1380359.0,57807.3984375,58194.759375,59489.8623046875,59434.1796875,48385.883072916666,49205.71328125,,
2005-10-18,59163.1015625,53256.3984375,58097.8984375,55193.0,935868.0,55193.0,57323.2796875,59126.75,59443.859765625,48863.576432291666,49065.84661458333,,
2005-10-19,57323.30078125,52869.1015625,54321.6015625,54418.3984375,1392752.0,54418.3984375,56626.09921875,57964.787109375,58553.0296875,49292.85638020833,48906.61545138889,,
2005-10-20,56161.30078125,52288.1015625,55289.8984375,52288.1015625,931324.0,52288.1015625,55270.4796875,56609.162109375,57972.05,49688.24309895833,48646.24878472222,,
2005-10-21,52385.0,49092.80078125,49480.1015625,49286.3984375,754313.0,49286.3984375,53798.659375,55326.162109375,56529.2796875,49967.436328125,48381.57986111111,,
2005-10-24,50351.5,46768.80078125,49286.3984375,47204.6015625,626769.0,47204.6015625,51678.1,53988.69970703125,54936.4296875,50093.31640625,48176.08654513889,,
2005-10-25,49383.19921875,47349.80078125,47930.80078125,47446.6015625,609832.0,47446.6015625,50128.8203125,52536.25,53726.05,50196.59973958333,48021.157725694444,51140.696549479166,
2005-10-26,49770.6015625,46768.80078125,47737.1015625,48608.6015625,899309.0,48608.6015625,48966.8609375,51531.6376953125,52796.480078125,50345.07317708333,47874.83776041667,51282.713216145836,
2005-10-27,49092.80078125,45945.80078125,48366.5,45945.80078125,496541.0,45945.80078125,47698.40078125,50048.93798828125,51484.440234375,50424.15325520833,47755.415538194444,51280.293229166666,
2005-10-28,45849.0,42266.19921875,45025.8984375,42266.19921875,450481.0,42266.19921875,46294.3609375,48433.087890625,50046.51015625,50424.15325520833,47645.673263888886,51101.96490885417,
2005-10-31,43912.3984375,42605.1015625,42750.3984375,42847.19921875,327275.0,42847.19921875,45422.88046875,46986.68798828125,48550.490234375,50512.91328125,47481.06215277778,50800.98489583333,
2005-11-01,44396.5,42702.0,42702.0,43718.69921875,395332.0,43718.69921875,44677.3,45915.5126953125,47403.06015625,50625.883203125,47473.530989583334,50362.8298828125,
2005-11-02,50254.69921875,44348.1015625,44444.8984375,50254.69921875,1151401.0,50254.69921875,45006.51953125,46036.55029296875,46986.690234375,50916.37317708333,47757.56432291667,49914.184895833336,
2005-11-03,51610.30078125,47204.6015625,51126.19921875,47446.6015625,784159.0,47446.6015625,45306.6796875,46066.80029296875,46502.540234375,51079.369921875,47940.46432291667,49597.873307291666,
2005-11-04,48899.1015625,46962.5,48511.80078125,48511.80078125,399154.0,48511.80078125,46555.8,46199.9501953125,46425.08046875,51289.169921875,48131.97326388889,49252.513346354164,
2005-11-07,53643.80078125,48995.8984375,49480.1015625,52191.30078125,1125376.0,52191.30078125,48424.6203125,46647.78759765625,46923.750390625,51657.123307291666,48426.76657986111,49031.418359375,
2005-11-08,52772.30078125,50157.8984375,51707.19921875,52191.30078125,549314.0,52191.30078125,50119.140625,47428.47509765625,47398.2203125,51981.50338541667,48678.52439236111,48876.4900390625,
2005-11-09,52869.1015625,50448.3984375,52481.80078125,50448.3984375,430755.0,50448.3984375,50157.88046875,48451.25,47582.2,52209.053385416664,48876.48880208333,48690.9,
2005-11-10,56355.0,49189.6015625,50254.69921875,52094.5,1735621.0,52094.5,51087.46015625,49607.16259765625,48197.069921875,52370.43671875,49135.77769097222,48492.39830729167,
2005-11-11,52869.1015625,49576.8984375,52481.80078125,50061.1015625,487040.0,50061.1015625,51397.3203125,50399.962890625,48976.56015625,52489.86341145833,49339.12213541667,48306.808333333334,
2005-11-14,48366.5,46042.6015625,47930.80078125,46478.30078125,636890.0,46478.30078125,50254.7203125,49927.9130859375,49339.6703125,52441.44674479167,49406.90217013889,48140.583333333336,
2005-11-15,48608.6015625,46623.6015625,47446.6015625,46914.1015625,535062.0,46914.1015625,49199.28046875,49861.3505859375,49659.210546875,52168.71015625,49463.924392361114,48015.51171875,
2005-11-16,46672.0,45268.0,46478.30078125,45316.3984375,389962.0,45316.3984375,48172.88046875,49461.92529296875,49165.38046875,51568.366796875,49489.74661458333,47850.901692708336,
2005-11-17,47785.6015625,45510.0,45510.0,46768.80078125,485078.0,46768.80078125,47107.740625,48784.11279296875,49097.600390625,51190.730208333334,49560.75555555556,47775.05169270833,
2005-11-18,47737.1015625,46333.1015625,47253.0,47543.5,260870.0,47543.5,46604.2203125,48203.1376953125,49000.7703125,50651.71015625,49678.02890625,47780.7,
2005-11-21,48124.5,44735.3984375,47834.0,45558.5,567284.0,45558.5,46420.26015625,47591.900390625,48337.490234375,50065.89010416667,49797.453385416666,47702.430013020836,
2005-11-22,47688.69921875,43137.69921875,45316.3984375,47059.30078125,538883.0,47059.30078125,46449.3,46962.50048828125,47824.290234375,49649.520182291664,49947.00225694444,47752.458333333336,
2005-11-23,47785.6015625,45655.30078125,46236.30078125,46575.19921875,351441.0,46575.19921875,46701.06015625,46526.7626953125,47436.9703125,49271.883463541664,50058.89557291667,47904.15833333333,
2005-11-24,50835.69921875,46091.0,46091.0,47059.30078125,1037593.0,47059.30078125,46759.16015625,46599.3876953125,46933.450390625,48871.653515625,50158.953385416666,48034.8783203125,
2005-11-25,50835.69921875,47640.30078125,47930.80078125,50835.69921875,781680.0,50835.69921875,47417.6,47089.58740234375,47010.91015625,48677.993489583336,50350.462239583336,48217.24166666667,
2005-11-28,52481.80078125,50545.19921875,51804.0,50545.19921875,729630.0,50545.19921875,48414.93984375,47743.1875,47417.6,48435.920182291666,50559.184461805555,48410.901627604166,
2005-11-29,51029.3984375,47446.6015625,50157.8984375,47446.6015625,514304.0,47446.6015625,48492.4,47827.91259765625,47470.85,48177.70690104167,50670.00008680556,48520.64166666667,
2005-11-30,49092.80078125,46236.30078125,47156.19921875,48802.30078125,515853.0,48802.30078125,48937.8203125,47985.2626953125,47819.440234375,47990.503645833334,50785.12013888889,48641.680013020836,
2005-12-01,49480.1015625,48027.6015625,48414.8984375,48027.6015625,418982.0,48027.6015625,49131.48046875,48293.900390625,47945.3203125,47848.486979166664,50802.333506944444,48768.3650390625,
2005-12-02,48076.0,45849.0,47640.30078125,46526.80078125,514201.0,46526.80078125,48269.70078125,48227.337890625,47843.650390625,47756.500390625,50803.41128472222,48861.968359375,
2005-12-05,53450.1015625,49673.69921875,50254.69921875,52288.1015625,1322112.0,52288.1015625,48618.28125,48941.45068359375,48516.610546875,47925.950390625,50900.240190972225,49009.6333984375,
2005-12-06,52578.6015625,49189.6015625,52481.80078125,50157.8984375,538986.0,50157.8984375,49160.540625,49328.775390625,48826.4703125,48016.326953125,50790.50017361111,49106.46334635417,
2005-12-07,51029.3984375,47107.69921875,51029.3984375,47446.6015625,421667.0,47446.6015625,48889.40078125,48905.13818359375,48913.610546875,47977.59361979167,50437.609114583334,49161.3333984375,
2005-12-08,48124.5,46478.30078125,46478.30078125,47349.80078125,327895.0,47349.80078125,48753.840625,48505.71337890625,48942.660546875,48024.39361979167,50198.7625,49224.2734375,
2005-12-09,47737.1015625,46526.80078125,46623.6015625,46526.80078125,248477.0,46526.80078125,48753.840625,48390.73828125,48511.770703125,48166.413671875,49816.82248263889,49295.283463541666,
2005-12-12,49189.6015625,46526.80078125,47349.80078125,46768.80078125,391718.0,46768.80078125,47649.98046875,48136.55078125,48134.130859375,48297.13372395833,49453.17135416667,49405.02350260417,
2005-12-13,47059.30078125,45268.0,46478.30078125,45800.5,337602.0,45800.5,46778.50078125,47858.1630859375,47969.520703125,48366.527083333334,49147.618055555555,49496.20514322917,
2005-12-14,48221.30078125,41733.69921875,44106.0,43815.5,1682435.0,43815.5,46052.28046875,47519.25048828125,47470.840625,48151.887109375,48834.53359375,49534.130143229166,
2005-12-15,45752.1015625,42944.1015625,43863.8984375,43089.30078125,363937.0,43089.30078125,45200.18046875,46369.400390625,46977.010546875,48006.64375,48479.49140625,49543.0068359375,
2005-12-16,37182.69921875,36650.1015625,36650.1015625,36650.1015625,953115.0,36650.1015625,43224.840625,44680.92578125,45989.340625,47611.25377604167,48035.14921875,49450.21184895833,
2005-12-19,31372.900390625,31179.19921875,31179.19921875,31179.19921875,421977.0,31179.19921875,40106.9203125,42647.50048828125,43878.450390625,46910.850390625,47443.411458333336,49283.98684895833,
2005-12-20,32050.69921875,27596.5,28564.80078125,29968.80078125,2003617.0,29968.80078125,36940.58046875,40474.87548828125,41859.540625,46170.100390625,46882.873697916664,49075.80188802083,
2005-12-21,31760.19921875,30114.099609375,30646.69921875,30695.099609375,751731.0,30695.099609375,34316.500390625,38495.912841796875,40184.3904296875,45511.65709635417,46355.68927951389,48860.355240885416,
2005-12-22,32050.69921875,26821.900390625,32050.69921875,27112.400390625,936901.0,27112.400390625,31121.1203125,36038.86279296875,38160.650390625,44678.92044270833,45796.22925347222,48524.67858072917,
2005-12-23,29581.5,25030.5,25853.599609375,28468.0,1659921.0,28468.0,29484.7,33872.30029296875,36354.7703125,43959.150390625,45333.59817708333,48224.50690104167,
2005-12-26,32728.5,28855.30078125,29533.099609375,32728.5,528866.0,32728.5,29794.56015625,32486.42529296875,34950.740234375,43500.82369791667,45011.90703125,47971.13522135417,
2005-12-27,36698.5,31857.0,33890.5,33357.8984375,2047302.0,33357.8984375,30472.3796875,31270.0,33706.480078125,43048.95026041667,44698.82473958333,47608.83020833333,
2005-12-28,35342.8984375,33503.1015625,34277.80078125,34277.80078125,593205.0,34277.80078125,31188.919921875,30973.46240234375,32752.71015625,42680.99700520833,44380.3625,47124.681901041666,
2005-12-29,34810.30078125,31179.19921875,34277.80078125,31857.0,718477.0,31857.0,32137.83984375,31058.1875,31629.480078125,42183.93697916667,44067.27803819445,46687.33359375,
2006-01-02,32389.599609375,29000.599609375,31082.400390625,30791.900390625,628835.0,30791.900390625,32602.619921875,31161.074951171875,31043.6599609375,41625.55032552083,43812.293619791664,46138.63024088542,
2006-01-03,32631.69921875,30791.900390625,30985.599609375,31469.69921875,620779.0,31469.69921875,32350.859765625,31257.89990234375,31072.7099609375,41155.9236328125,43559.460286458336,45610.90686848958,
2006-01-04,32438.0,30259.30078125,31566.5,30259.30078125,578850.0,30259.30078125,31731.140234375,31651.262451171875,31101.7599609375,40595.9236328125,43260.36254340278,45122.721907552084,
2006-01-05,31082.400390625,29194.19921875,30791.900390625,30162.5,293711.0,30162.5,30908.080078125,31863.074951171875,31048.5,40048.833658854164,42813.86922743056,44660.358561197914,
2006-01-06,32050.69921875,29823.599609375,30162.5,31179.19921875,610555.0,31179.19921875,30772.519921875,31669.412353515625,31455.1798828125,39519.49694010417,42452.37139756944,44195.57522786458,
2006-01-09,31857.0,30404.599609375,30985.599609375,31130.80078125,473201.0,31130.80078125,30840.3,31391.025146484375,31721.4599609375,38862.6669921875,42066.126953125,43770.330240885414,
2006-01-10,34858.80078125,31034.0,31276.099609375,33212.69921875,1505011.0,33212.69921875,31188.9,31257.887451171875,31769.8798828125,38284.9169921875,41644.38025173611,43360.41858723958,
2006-01-11,34132.5,31905.400390625,33890.5,31905.400390625,434990.0,31905.400390625,31518.119921875,31263.9375,31624.630078125,37766.876953125,41193.58246527778,42972.29192708333,
2006-01-12,34471.3984375,31130.80078125,32534.80078125,31179.19921875,1171642.0,31179.19921875,31721.459765625,31312.349853515625,31314.769921875,37179.440234375,40765.378038194445,42584.971940104166,
2006-01-13,30985.599609375,29726.80078125,30017.30078125,30210.900390625,287205.0,30210.900390625,31527.8,31155.0,31150.1599609375,36585.5501953125,40279.07582465278,42217.01858723958,
2006-01-16,31760.19921875,29339.5,29823.599609375,29629.900390625,765673.0,29629.900390625,31227.619921875,31076.324951171875,31033.9599609375,36022.32018229167,39825.04913194444,41889.41028645833,
2006-01-17,30695.099609375,29242.599609375,29484.69921875,29339.5,299081.0,29339.5,30452.980078125,30973.449951171875,30820.9400390625,35257.366796875,39444.18689236111,41591.65859375,
2006-01-18,29678.400390625,26434.599609375,29049.0,27693.30078125,333988.0,27693.30078125,29610.56015625,30537.712646484375,30564.3400390625,34508.546875,39017.05798611111,41262.4369140625,46201.566731770836
2006-01-19,27838.599609375,26386.099609375,27499.69921875,26628.19921875,242384.0,26628.19921875,28700.36015625,29974.887451171875,30210.9099609375,33814.60013020833,38601.76467013889,40896.096875,46089.405045572916
2006-01-20,27064.0,24594.80078125,26337.69921875,24691.599609375,310132.0,24691.599609375,27596.5,28909.75,29562.15,33059.3267578125,38111.160199652775,40541.860188802086,45911.07670898437
2006-01-23,24885.30078125,21012.099609375,22803.400390625,21012.099609375,397914.0,21012.099609375,25872.93984375,27548.08740234375,28550.2798828125,32208.83671875,37521.57352430555,40187.6251953125,45644.79505208333
2006-01-24,21786.69921875,19027.099609375,21205.69921875,21060.5,345141.0,21060.5,24217.13984375,26283.25,27335.0599609375,31351.893359375,36977.17352430556,39824.51354166667,45312.74921875
2006-01-25,24207.5,21641.5,21641.5,24207.5,443871.0,24207.5,23519.9796875,25532.824951171875,26565.269921875,30632.126692708334,36469.355729166666,39499.326888020834,44931.078385416666
2006-01-26,26095.69921875,24401.099609375,25563.099609375,25417.80078125,582465.0,25417.80078125,23277.9,25006.3125,25989.130078125,30018.870052083334,35999.19131944444,39085.378580729164,44499.78173828125
2006-01-27,26918.69921875,25175.80078125,25950.400390625,26773.5,361562.0,26773.5,23694.280078125,24685.5625,25645.3900390625,29475.010026041666,35548.39574652778,38740.826888020834,44169.35009765625
2006-01-31,28516.400390625,24062.19921875,25030.5,28516.400390625,449345.0,28516.400390625,25195.140234375,24788.449951171875,25534.0400390625,29203.886653645834,35052.411328125,38407.57021484375,43830.04178059896
2006-02-01,31760.19921875,28758.5,29145.80078125,29823.599609375,1319014.0,29823.599609375,26947.76015625,25187.875,25582.45,29158.7,34591.93133680556,38034.7751953125,43533.09677734375
2006-02-02,30888.69921875,27257.599609375,30210.900390625,28274.30078125,598472.0,28274.30078125,27761.1203125,25635.712646484375,25640.55,29102.216666666667,34165.880208333336,37636.158528645836,43256.32428385417
2006-02-03,27596.5,25127.400390625,27402.900390625,25272.599609375,316018.0,25272.599609375,27732.080078125,26168.275146484375,25504.9900390625,28921.466666666667,33642.99796006944,37216.56188151042,42953.73094075521
2006-02-06,27596.5,22803.400390625,24255.900390625,27596.5,590727.0,27596.5,27896.680078125,26985.275146484375,25795.480078125,28937.6033203125,33188.97348090278,36808.261881510414,42650.33009440104
2006-02-07,28855.30078125,25708.30078125,26918.69921875,25853.599609375,737272.0,25853.599609375,27364.119921875,27191.03759765625,26279.630078125,28850.456640625,32729.569010416668,36404.803515625,42355.805924479166
2006-02-08,27209.19921875,25466.30078125,25708.30078125,26144.099609375,482289.0,26144.099609375,26628.219921875,27281.824951171875,26787.9900390625,28630.976627604166,32148.59118923611,36065.900162760416,42103.24174804687
2006-02-09,27402.900390625,25853.599609375,26821.900390625,26144.099609375,461325.0,26144.099609375,26202.1796875,27203.14990234375,26981.65,28390.516666666666,31614.95121527778,35719.73346354167,41867.62259114583
2006-02-10,30065.69921875,27790.19921875,28080.69921875,30065.69921875,1067955.0,30065.69921875,27160.799609375,27396.812255859375,27446.43984375,28250.11328125,31228.70894097222,35465.55514322917,41658.22841796875
2006-02-13,33551.6015625,29145.80078125,30017.30078125,29823.599609375,1645360.0,29823.599609375,27606.21953125,27396.812255859375,27751.4498046875,28182.333268229166,30839.237803819444,35183.13512369792,41479.09340820312
2006-02-14,30453.0,27596.5,30017.30078125,27887.0,683880.0,27887.0,28012.899609375,27348.399658203125,27688.509765625,28085.503255208332,30425.020008680556,34855.52679036458,41318.11339518229
2006-02-15,28855.30078125,26628.19921875,28758.5,26628.19921875,463287.0,26628.19921875,28109.71953125,27517.849609375,27368.9697265625,27924.119921875,29977.451085069446,34540.02177734375,41121.225895182295
2006-02-16,27741.80078125,26047.19921875,26386.099609375,26337.69921875,353920.0,26337.69921875,28148.439453125,27360.49951171875,27175.3095703125,27793.399869791665,29544.944401041666,34194.66175130208,40973.56004231771
2006-02-17,28903.69921875,26483.0,26483.0,28080.69921875,854592.0,28080.69921875,27751.439453125,27638.886962890625,27456.11953125,27724.006510416668,29195.282161458334,33886.420084635414,40895.28920898437
2006-02-20,29000.599609375,26967.099609375,27644.900390625,27402.900390625,585873.0,27402.900390625,27267.299609375,27796.237060546875,27436.7595703125,27598.1298828125,28846.69548611111,33558.81341145833,40796.845865885414
2006-02-21,27983.80078125,26676.599609375,27596.5,26918.69921875,229268.0,26918.69921875,27073.639453125,27893.06201171875,27543.26953125,27457.726497395834,28630.442100694443,33160.19674479167,40688.71920572917
2006-02-22,27741.80078125,26725.0,27015.5,27548.099609375,297945.0,27548.099609375,27257.61953125,27578.362060546875,27683.66953125,27268.906510416666,28549.750998263888,32776.91175130208,40593.90668945313
2006-02-23,28903.69921875,27015.5,27644.900390625,27015.5,652898.0,27015.5,27393.1796875,27227.349609375,27770.8095703125,27105.909830729168,28484.122092013888,32436.393391927082,40478.51752929688
2006-02-24,27257.599609375,26240.900390625,27015.5,26289.30078125,197047.0,26289.30078125,27034.9,27027.63720703125,27393.1697265625,26942.913216145833,28386.21545138889,32061.176725260415,40351.42836914062
2006-02-27,26579.80078125,26144.099609375,26434.599609375,26289.30078125,176598.0,26289.30078125,26812.180078125,26985.27490234375,27039.73984375,26812.193229166667,28367.924348958335,31698.871712239583,40233.61837565104
2006-02-28,26483.0,25369.400390625,26289.30078125,25466.30078125,225653.0,25466.30078125,26521.700390625,26876.35009765625,26797.669921875,26673.406575520832,28301.219921875,31347.86337890625,40104.91586914063
2006-03-02,26144.099609375,25272.599609375,25272.599609375,25563.099609375,172054.0,25563.099609375,26124.700390625,26561.650146484375,26691.1599609375,26547.5265625,28141.988802083335,30902.4466796875,39956.0400390625
2006-03-03,26531.400390625,25321.0,25321.0,25805.19921875,233709.0,25805.19921875,25882.640234375,26361.9375,26637.9099609375,26484.58984375,27974.151041666668,30496.568359375,39801.515852864584
2006-03-06,25950.400390625,24982.099609375,25466.30078125,25321.0,151400.0,25321.0,25688.980078125,26162.22509765625,26361.9400390625,26441.016536458334,27775.111024305555,30127.808333333334,39644.57086588542
2006-03-07,25321.0,23917.0,25175.80078125,23917.0,213880.0,23917.0,25214.519921875,25708.337646484375,26013.35,26415.196549479166,27598.66657986111,29737.261653645834,39480.76754557292
2006-03-08,23917.0,22561.400390625,23239.19921875,22900.30078125,182382.0,22900.30078125,24701.319921875,25193.937744140625,25611.51015625,26478.136588541667,27423.29769965278,29343.486653645832,39319.38505859375
2006-03-09,26289.30078125,22997.099609375,22997.099609375,26289.30078125,832904.0,26289.30078125,24846.56015625,25193.937744140625,25485.6302734375,26652.429947916666,27308.177734375,29002.161653645835,39203.592578125
2006-03-10,27354.400390625,25563.099609375,26773.5,25902.0,558299.0,25902.0,24865.9203125,25145.525146484375,25374.2802734375,26708.91328125,27211.348828125,28670.519986979165,39083.362565104166
2006-03-13,26725.0,25369.400390625,26628.19921875,25369.400390625,235671.0,25369.400390625,24875.600390625,25133.41259765625,25282.290234375,26707.299934895833,27104.835503472223,28363.084993489585,38948.60756835937
2006-03-14,25417.80078125,24352.69921875,25127.400390625,24546.400390625,218837.0,24546.400390625,25001.48046875,25006.3251953125,25108.0001953125,26633.06328125,26957.439973958335,28054.036653645835,38798.521744791666
2006-03-15,24836.900390625,24013.80078125,24498.0,24013.80078125,180316.0,24013.80078125,25224.18046875,24782.400390625,24962.7501953125,26482.976627604166,26799.284418402778,27843.431640625,38646.82174479167
2006-03-16,24691.599609375,22997.099609375,23868.599609375,24449.5,273573.0,24449.5,24856.2203125,24673.462890625,24851.390234375,26303.839973958333,26604.54665798611,27731.269986979165,38507.62841796875
2006-03-17,24401.099609375,23481.19921875,23481.19921875,23578.099609375,160075.0,23578.099609375,24391.440234375,24631.100341796875,24628.6802734375,26147.299934895833,26419.49552951389,27624.75830078125,38350.280094401045
2006-03-20,24110.599609375,23336.0,23336.0,23432.80078125,124135.0,23432.80078125,24004.1203125,24697.662841796875,24439.8603515625,26085.973307291668,26247.35334201389,27503.719986979166,38182.03761393229
2006-03-21,24013.80078125,23384.400390625,23529.69921875,24013.80078125,142311.0,24013.80078125,23897.600390625,24413.225341796875,24449.5404296875,25966.55,26109.64001736111,27452.07666015625,37988.377620442705
2006-03-22,23820.19921875,22997.099609375,23432.80078125,22997.099609375,165755.0,22997.099609375,23694.26015625,24050.11279296875,24459.2203125,25871.333333333332,25962.244444444445,27360.894986979165,37792.700944010416
2006-03-23,25756.80078125,22997.099609375,23142.30078125,23626.5,733348.0,23626.5,23529.66015625,23832.250244140625,24192.940234375,25787.413346354166,25835.28888888889,27209.194986979168,37590.16510416667
2006-03-24,24013.80078125,22706.599609375,23723.30078125,22997.099609375,402768.0,22997.099609375,23413.46015625,23638.587646484375,23902.4501953125,25682.513346354168,25730.92886284722,27036.515006510417,37322.672607421875
2006-03-27,23481.19921875,22367.69921875,22851.900390625,22416.099609375,184860.0,22416.099609375,23210.119921875,23438.875,23607.1201171875,25427.526692708332,25637.326649305556,26838.819986979168,36981.75094401042
2006-03-28,22416.099609375,21108.900390625,22125.599609375,21447.80078125,276154.0,21447.80078125,22696.919921875,23063.66259765625,23297.26015625,25148.3333984375,25565.24223090278,26665.333333333332,36676.33346354167
2006-03-29,22222.5,20673.19921875,21060.5,21399.400390625,202520.0,21399.400390625,22377.380078125,22791.3251953125,23035.8201171875,24932.080078125,25573.848914930557,26508.791666666668,36323.71095377604
2006-03-30,22561.400390625,21593.099609375,21593.099609375,22125.599609375,392338.0,22125.599609375,22077.2,22627.925048828125,22803.430078125,24781.993424479166,25597.51779513889,26353.056673177085,35981.981770833336
2006-03-31,23239.19921875,22319.30078125,22755.0,22755.0,272643.0,22755.0,22028.780078125,22470.574951171875,22721.1201171875,24662.5701171875,25565.24001736111,26227.984993489583,35675.35345052083
2006-04-03,23529.69921875,22512.900390625,22948.69921875,23384.400390625,276258.0,23384.400390625,22222.440234375,22518.987548828125,22716.280078125,24506.026822916665,25520.05334201389,26115.016666666666,35387.68761393229
2006-04-04,24740.0,23239.19921875,23384.400390625,23239.19921875,491790.0,23239.19921875,22580.719921875,22470.574951171875,22638.819921875,24367.236783854165,25441.513324652777,25982.683333333334,35089.12928059896
2006-04-05,24013.80078125,23093.900390625,23529.69921875,24013.80078125,243313.0,24013.80078125,23103.6,22597.66259765625,22740.4900390625,24270.4068359375,25341.455555555556,25864.066666666666,34817.19845377604
2006-04-06,24933.69921875,23481.19921875,24933.69921875,23917.0,273573.0,23917.0,23461.880078125,22785.275146484375,22769.5400390625,24149.370182291666,25210.197786458335,25709.138346354168,34534.77846679687
2006-04-07,23868.599609375,23287.599609375,23626.5,23432.80078125,131984.0,23432.80078125,23597.440234375,23033.400146484375,22813.11015625,24029.946875,25102.608897569444,25567.928352864583,34270.11013997396
2006-04-10,23674.900390625,23093.900390625,23142.30078125,23142.30078125,133120.0,23142.30078125,23549.0203125,23251.2626953125,22885.7302734375,23925.046875,25055.26892361111,25433.980045572916,34009.47599283854
2006-04-11,23723.30078125,23093.900390625,23190.80078125,23481.19921875,188268.0,23481.19921875,23597.4203125,23420.712646484375,23089.0701171875,23831.443489583333,24963.81779513889,25321.818359375,33769.41847330729
2006-04-12,23481.19921875,22755.0,23190.80078125,22851.900390625,144067.0,22851.900390625,23365.040234375,23432.8251953125,23234.3201171875,23744.296809895834,24897.113368055554,25208.851692708333,33549.13098958333
2006-04-13,23093.900390625,22416.099609375,22851.900390625,22416.099609375,140349.0,22416.099609375,23064.86015625,23311.78759765625,23263.3701171875,23639.396809895832,24814.26892361111,25093.461686197916,33342.56013997396
2006-04-14,23239.19921875,22561.400390625,22561.400390625,22997.099609375,188888.0,22997.099609375,22977.719921875,23281.525146484375,23287.580078125,23545.793489583335,24744.335590277777,25015.191666666666,33138.814290364586
2006-04-17,23239.19921875,22755.0,23045.5,22755.0,130538.0,22755.0,22900.259765625,23124.175048828125,23224.6400390625,23460.26015625,24581.87560763889,24950.638346354168,32923.36761067708
2006-04-18,23142.30078125,22416.099609375,22706.599609375,22464.5,134566.0,22464.5,22696.919921875,22942.612548828125,23147.1701171875,23411.843489583334,24418.34006076389,24913.52001953125,32727.690104166668
2006-04-19,22948.69921875,21932.0,22561.400390625,21932.0,144687.0,21932.0,22512.93984375,22755.012451171875,22938.9900390625,23379.566796875,24286.006727430555,24928.851692708333,32558.238444010418
2006-04-20,22222.5,21302.599609375,21786.69921875,21302.599609375,126511.0,21302.599609375,22290.23984375,22525.0498046875,22677.55,23213.343424479168,24167.660069444446,24932.886686197915,32378.700113932293
2006-04-21,22028.80078125,21399.400390625,21496.19921875,21399.400390625,167097.0,21399.400390625,21970.7,22264.824951171875,22474.2099609375,23063.256770833334,24057.92009548611,24886.085026041666,32192.70595703125
2006-04-24,23965.400390625,20866.80078125,21399.400390625,23142.30078125,698854.0,23142.30078125,22048.16015625,22301.125,22474.2099609375,22989.0201171875,23948.17790798611,24848.160026041667,31966.769303385416
2006-04-25,23239.19921875,20431.099609375,23239.19921875,20624.80078125,269958.0,20624.80078125,21680.2203125,22077.212646484375,22188.5701171875,22858.300130208332,23797.553472222222,24745.681705729166,31743.254296875
2006-04-26,22028.80078125,21012.099609375,21496.19921875,21302.599609375,212951.0,21302.599609375,21554.340234375,21865.400146484375,22033.6400390625,22767.9267578125,23672.751258680557,24625.451692708335,31516.51095377604
2006-04-27,21593.099609375,21012.099609375,21351.0,21060.5,119901.0,21060.5,21505.9203125,21653.587646484375,21898.080078125,22654.960091145833,23528.582378472223,24479.400032552083,31257.08761393229
2006-04-28,22367.69921875,21012.099609375,21108.900390625,21302.599609375,234328.0,21302.599609375,21486.56015625,21508.35009765625,21728.630078125,22579.110091145834,23401.629036458333,24363.205013020834,30999.681770833333
2006-05-02,21835.099609375,21108.900390625,21302.599609375,21447.80078125,105339.0,21447.80078125,21147.66015625,21447.8251953125,21597.91015625,22512.943424479166,23294.040147569445,24299.458365885417,30758.010123697917
2006-05-03,22561.400390625,21496.19921875,21496.19921875,21738.30078125,222555.0,21738.30078125,21370.36015625,21502.287841796875,21525.290234375,22437.093424479168,23192.90681423611,24201.821712239584,30505.041796875
2006-05-04,22367.69921875,21496.19921875,21932.0,21980.400390625,152432.0,21980.400390625,21505.9203125,21574.912841796875,21530.1302734375,22403.203450520832,23115.442361111112,24137.268391927082,30271.03595377604
2006-05-08,23481.19921875,22222.5,22270.900390625,22948.69921875,430446.0,22948.69921875,21883.56015625,21550.712646484375,21694.740234375,22380.610091145834,23057.34457465278,24084.01171875,30074.955940755208
2006-05-09,23190.80078125,22125.599609375,23093.900390625,22367.69921875,168646.0,22367.69921875,22096.580078125,21768.574951171875,21791.5701171875,22359.630078125,22980.95568576389,24021.071712239584,29870.402587890625
2006-05-10,22561.400390625,21593.099609375,22367.69921875,21932.0,154704.0,21932.0,22193.419921875,21847.25,21670.5400390625,22343.493424479166,22905.64457465278,23885.51005859375,29675.532600911458
2006-05-11,22077.19921875,21593.099609375,21738.30078125,21883.599609375,94289.0,21883.599609375,22222.4796875,21950.137451171875,21796.419921875,22358.020052083335,22860.457899305555,23753.176725260415,29468.155924479168
2006-05-12,24401.099609375,21883.599609375,21883.599609375,22803.400390625,1181144.0,22803.400390625,22387.0796875,22137.737548828125,21946.5,22404.820052083334,22858.304557291667,23668.450065104167,29261.988427734374
2006-05-15,24691.599609375,22561.400390625,23045.5,24207.5,810184.0,24207.5,22638.83984375,22482.699951171875,22261.2,22474.216731770834,22812.042317708332,23628.105078125,29084.063427734374
2006-05-16,24836.900390625,21883.599609375,24691.599609375,22512.900390625,522153.0,22512.900390625,22667.880078125,22579.52490234375,22382.230078125,22466.146744791666,22736.728993055556,23564.358430989585,28879.510091145832
2006-05-17,23093.900390625,21835.099609375,22416.099609375,22900.30078125,349995.0,22900.30078125,22861.540234375,22694.512451171875,22527.480078125,22450.010091145832,22681.860112847222,23478.01845703125,28682.219270833335
2006-05-18,22125.599609375,21302.599609375,22028.80078125,21399.400390625,257668.0,21399.400390625,22764.700390625,22500.85009765625,22493.5900390625,22388.683463541667,22611.926779513888,23377.960123697918,28468.386767578126
2006-05-19,21786.69921875,20866.80078125,20866.80078125,21302.599609375,147475.0,21302.599609375,22464.540234375,22367.712646484375,22425.8099609375,22298.310091145835,22551.677864583333,23284.358463541666,28222.277604166666
2006-05-22,21738.30078125,20818.400390625,21689.900390625,20818.400390625,151606.0,20818.400390625,21786.7203125,22228.5126953125,22212.780078125,22195.0234375,22470.986762152777,23172.196809895835,27974.554280598957
2006-05-23,23917.0,21399.400390625,22851.900390625,21593.099609375,2074773.0,21593.099609375,21602.76015625,22192.2001953125,22135.3201171875,22133.700065104167,22426.875651041668,23081.823470052084,27759.108430989585
2006-05-24,21689.900390625,20527.900390625,21641.5,20818.400390625,358567.0,20818.400390625,21186.380078125,21944.0751953125,22023.96015625,22056.23671875,22368.777864583335,22990.641796875,27525.909261067707
2006-05-25,21399.400390625,19172.30078125,21205.69921875,19172.30078125,254467.0,19172.30078125,20740.96015625,21314.67529296875,21752.8302734375,21912.606770833332,22261.188975694444,22872.025130208334,27285.44842122396
2006-05-26,20527.900390625,19462.80078125,19753.30078125,20285.900390625,226067.0,20285.900390625,20537.6203125,21036.30029296875,21501.0802734375,21827.0734375,22200.940104166668,22785.685123697916,27066.774251302082
2006-05-29,22948.69921875,19947.0,20527.900390625,22658.19921875,1075185.0,22658.19921875,20905.580078125,21006.03759765625,21346.1501953125,21835.143424479167,22179.422309027777,22737.2701171875,26819.8583984375
2006-05-30,22609.80078125,20431.099609375,22367.69921875,20624.80078125,476712.0,20624.80078125,20711.9203125,20909.212646484375,21157.340234375,21756.066796875,22126.704557291665,22650.930143229165,26573.749251302084
2006-06-01,20624.80078125,19414.400390625,20237.400390625,19608.099609375,171228.0,19608.099609375,20469.86015625,20697.400146484375,20828.1201171875,21651.1701171875,22064.304557291667,22555.71513671875,26341.76173502604
2006-06-02,20140.599609375,19123.900390625,19995.400390625,19462.80078125,132810.0,19462.80078125,20527.96015625,20527.9501953125,20634.46015625,21551.1134765625,22020.193446180554,22481.478483072915,26109.370068359374
2006-06-05,20189.0,19123.900390625,19366.0,19462.80078125,156563.0,19462.80078125,20363.340234375,20261.662841796875,20450.4802734375,21468.8068359375,21977.157899305555,22424.18681640625,25883.83673502604
2006-06-07,18978.69921875,17671.5,18639.80078125,17671.5,168233.0,17671.5,19366.000390625,19868.30029296875,20135.790234375,21347.770182291668,21878.17790798611,22280.556803385418,25641.359228515626
2006-06-08,18397.69921875,16848.400390625,17332.5,17429.400390625,233399.0,17429.400390625,18726.9203125,19650.437744140625,19719.4203125,21215.436848958332,21759.83125,22139.346809895833,25404.9333984375
2006-06-09,19123.900390625,17816.69921875,18010.400390625,18591.30078125,313953.0,18591.30078125,18523.560546875,19438.61279296875,19496.7103515625,21063.736848958335,21653.317925347223,22026.378483072916,25194.73173828125
2006-06-12,18591.30078125,18010.400390625,18300.80078125,18300.80078125,83652.0,18300.80078125,18291.160546875,18893.93798828125,19409.5603515625,20986.270182291668,21543.575737847223,21922.28515625,24988.160904947916
2006-06-13,18107.19921875,17332.5,17429.400390625,17381.0,137974.0,17381.0,17874.800390625,18488.462890625,19119.0703125,20855.5501953125,21396.180164930556,21811.7384765625,24827.58505859375
2006-06-14,18058.80078125,17332.5,17332.5,17913.5,122380.0,17913.5,17923.200390625,18276.637939453125,18644.600390625,20750.6501953125,21262.769053819444,21702.805143229165,24717.037565104165
2006-06-15,18833.400390625,17913.5,18204.0,18397.69921875,234535.0,18397.69921875,18116.86015625,18143.500244140625,18421.890234375,20653.820182291667,21150.877907986112,21616.46513671875,24620.61171875
2006-06-16,19269.099609375,18494.5,18881.80078125,18494.5,285759.0,18494.5,18097.5,18022.462646484375,18310.5302734375,20555.376822916667,21047.593446180555,21534.160123697915,24518.940055338542
2006-06-19,18300.80078125,17623.0,18300.80078125,17768.30078125,93256.0,17768.30078125,17991.0,18034.562744140625,18141.0802734375,20423.043489583335,20920.640147569444,21430.06845703125,24441.07255859375
2006-06-20,18204.0,17526.19921875,17768.30078125,17913.5,128369.0,17913.5,18097.5,18095.0751953125,17986.1501953125,20287.480143229168,20810.897916666665,21345.341796875,24353.118391927084
2006-06-21,18107.19921875,17429.400390625,18010.400390625,17526.19921875,96045.0,17526.19921875,18020.03984375,17961.9375,17971.6201171875,20106.730143229168,20702.233463541666,21243.6701171875,24226.432552083334
2006-06-22,17865.099609375,17187.30078125,17623.0,17235.69921875,89745.0,17235.69921875,17787.63984375,17828.7998046875,17952.25,19935.6634765625,20574.20234375,21147.64677734375,24092.080891927082
2006-06-23,18639.80078125,17332.5,17526.19921875,17719.900390625,344728.0,17719.900390625,17632.719921875,17871.162353515625,17865.1099609375,19795.26015625,20462.311241319443,21069.376790364582,23954.098388671875
2006-06-26,17913.5,17235.69921875,17913.5,17719.900390625,110400.0,17719.900390625,17623.03984375,17846.96240234375,17807.019921875,19656.470182291665,20356.875694444443,21007.2451171875,23836.289225260418
2006-06-27,18736.599609375,17526.19921875,17865.099609375,18349.30078125,311577.0,18349.30078125,17710.2,17840.91259765625,17903.85,19508.0001953125,20277.26015625,20956.410123697915,23732.60089518229
2006-06-28,19559.599609375,17865.099609375,18010.400390625,19075.5,418569.0,19075.5,18020.06015625,17913.53759765625,18020.05,19336.933528645834,20227.769053819444,20905.575130208334,23629.31590169271
2006-06-29,21932.0,19608.099609375,19656.5,21932.0,1672727.0,21932.0,18959.3203125,18434.0,18373.480078125,19317.570182291667,20239.604600694445,20891.858463541666,23559.921728515626
2006-06-30,22464.5,21399.400390625,21932.0,21786.69921875,791698.0,21786.69921875,19772.680078125,18918.14990234375,18702.7,19280.450130208334,20209.480121527777,20865.230110677083,23490.123388671876
2006-07-03,22948.69921875,21399.400390625,22125.599609375,21980.400390625,699784.0,21980.400390625,20624.780078125,19474.925048828125,19123.9099609375,19299.816796875,20239.604557291666,20844.250130208333,23413.466731770834
2006-07-04,24498.0,21738.30078125,22270.900390625,22658.19921875,1697926.0,22658.19921875,21486.559765625,20152.737548828125,19598.3798828125,19345.003450520835,20269.728993055556,20821.656770833335,23342.86171875
2006-07-05,23723.30078125,21835.099609375,22367.69921875,23045.5,1069608.0,23045.5,22280.559765625,20818.4375,20150.3099609375,19419.240104166667,20313.840104166666,20807.131770833334,23258.13505859375
2006-07-06,23287.599609375,21593.099609375,22948.69921875,21883.599609375,487453.0,21883.599609375,22270.8796875,21338.89990234375,20615.1,19428.9234375,20326.751215277778,20781.311751302084,23174.620052083334
2006-07-07,22755.0,21399.400390625,22077.19921875,22367.69921875,549520.0,22367.69921875,22387.0796875,21841.19970703125,21079.8798828125,19480.566731770832,20347.19340277778,20768.401725260417,23101.190885416665
2006-07-10,23239.19921875,21786.69921875,21786.69921875,23045.5,519468.0,23045.5,22600.099609375,22337.44970703125,21612.43984375,19609.673372395835,20376.242274305554,20761.140071614584,23041.47921549479
2006-07-11,24836.900390625,22997.099609375,23142.30078125,23917.0,1148922.0,23917.0,22851.859765625,22585.57470703125,22169.209765625,19730.710026041666,20419.277821180556,20778.891731770833,22993.871712239583
2006-07-12,24013.80078125,23190.80078125,23723.30078125,24013.80078125,379945.0,24013.80078125,23045.519921875,22863.96240234375,22663.03984375,19775.896744791666,20442.946744791665,20805.520084635416,22949.490885416668
2006-07-13,24401.099609375,22900.30078125,24013.80078125,22948.69921875,496954.0,22948.69921875,23258.53984375,22984.999755859375,22764.709765625,19853.360026041668,20455.857855902777,20804.713411458335,22909.9525390625
2006-07-14,22416.099609375,21689.900390625,22222.5,21980.400390625,319116.0,21980.400390625,23181.080078125,22900.27490234375,22784.0798828125,19932.43671875,20456.93342013889,20791.80341796875,22871.22088216146
2006-07-18,22900.30078125,21689.900390625,22270.900390625,21689.900390625,328824.0,21689.900390625,22909.96015625,22730.824951171875,22755.0298828125,20006.673372395835,20452.628993055554,20778.893424479167,22846.20672200521
2006-07-19,22755.0,21786.69921875,22174.0,21786.69921875,506972.0,21786.69921875,22483.9,22718.71240234375,22667.8798828125,20084.136653645834,20430.035633680556,20776.471744791666,22852.66171875
2006-07-20,22948.69921875,21786.69921875,22125.599609375,22948.69921875,313126.0,22948.69921875,22270.8796875,22791.33740234375,22658.1998046875,20260.043294270832,20402.06228298611,20803.90673828125,22868.396712239584
2006-07-21,23142.30078125,22416.099609375,22900.30078125,22561.400390625,289890.0,22561.400390625,22193.419921875,22730.824951171875,22725.9798828125,20431.1099609375,20403.14006076389,20823.273404947915,22854.67921549479
2006-07-24,22512.900390625,21108.900390625,22319.30078125,21786.69921875,335847.0,21786.69921875,22154.6796875,22464.537353515625,22667.8798828125,20537.6232421875,20378.393359375,20800.680045572917,22824.420035807292
2006-07-25,22561.400390625,21689.900390625,22464.5,21786.69921875,241971.0,21786.69921875,22174.039453125,22186.149658203125,22541.9998046875,20653.819856770835,20387.0,20820.04501953125,22782.863362630207
2006-07-26,21932.0,21302.599609375,21932.0,21399.400390625,157286.0,21399.400390625,22096.5796875,21992.4873046875,22290.23984375,20787.766536458334,20389.151128472222,20821.658365885418,22723.555029296876
2006-07-27,21641.5,20770.0,21399.400390625,20866.80078125,267479.0,20866.80078125,21680.2,21853.287353515625,21975.53984375,20886.209895833334,20390.226692708333,20818.430045572917,22648.9150390625
2006-07-28,21254.19921875,20770.0,20818.400390625,20915.30078125,161107.0,20915.30078125,21350.980078125,21756.46240234375,21772.2,20970.129947916666,20375.164496527777,20811.975065104165,22587.5900390625
2006-07-31,21447.80078125,21108.900390625,21302.599609375,21108.900390625,152639.0,21108.900390625,21215.4203125,21671.737548828125,21685.05,21057.276627604166,20381.620052083334,20806.326725260416,22552.892545572915
2006-08-01,21544.69921875,19898.5,21302.599609375,20043.80078125,185790.0,20043.80078125,20866.840625,21308.625244140625,21520.4400390625,21133.126627604168,20400.98671875,20778.08505859375,22489.953385416666
2006-08-02,20334.30078125,19462.80078125,19947.0,20334.30078125,140349.0,20334.30078125,20653.820703125,21030.23779296875,21375.2001953125,21213.819986979168,20402.06228298611,20750.650065104168,22443.959228515625
2006-08-03,20915.30078125,20189.0,20431.099609375,20431.099609375,144170.0,20431.099609375,20566.68046875,20860.787841796875,21123.440234375,21310.65,20352.571180555555,20708.690071614583,22396.35089518229
2006-08-04,21254.19921875,20479.5,20624.80078125,20915.30078125,188062.0,20915.30078125,20566.68046875,20751.863037109375,20958.8302734375,21433.303385416668,20359.02673611111,20684.483430989585,22352.777571614584
2006-08-07,21399.400390625,20527.900390625,21157.30078125,20963.69921875,169369.0,20963.69921875,20537.640234375,20697.400390625,20876.5302734375,21541.430013020832,20389.151171875,20668.345084635417,22276.927571614582
2006-08-08,21399.400390625,20963.69921875,21351.0,21399.400390625,121657.0,21399.400390625,20808.76015625,20763.975341796875,20837.800390625,21664.080013020834,20432.18671875,20660.27509765625,22206.725911458332
2006-08-09,22125.599609375,21060.5,21302.599609375,21835.099609375,193019.0,21835.099609375,21108.919921875,20878.9501953125,20881.3703125,21780.273307291667,20484.90447048611,20644.136751302085,22156.293408203124
2006-08-10,21835.099609375,21060.5,21544.69921875,21302.599609375,137767.0,21302.599609375,21283.219921875,20903.16259765625,20924.9501953125,21854.5099609375,20565.595572916667,20595.721744791666,22111.913411458332
2006-08-11,21689.900390625,20818.400390625,21496.19921875,20818.400390625,121553.0,20818.400390625,21263.83984375,20999.987548828125,20915.26015625,21817.389973958332,20640.906684027777,20567.480078125,22065.91925455729
2006-08-14,20963.69921875,20285.900390625,20818.400390625,20527.900390625,121244.0,20527.900390625,21176.680078125,21024.1875,20857.16015625,21775.430013020832,20683.94223090278,20527.940071614583,22002.979264322916
2006-08-16,20818.400390625,20043.80078125,20673.19921875,20237.400390625,159661.0,20237.400390625,20944.280078125,20999.97509765625,20876.5201171875,21717.330013020834,20726.977777777778,20508.573404947918,21943.266764322918
2006-08-17,20624.80078125,20237.400390625,20576.400390625,20334.30078125,126304.0,20334.30078125,20644.1203125,20927.35009765625,20876.5201171875,21639.866731770835,20792.606684027778,20492.435091145835,21888.39677734375
2006-08-18,22609.80078125,20382.69921875,20576.400390625,21641.5,965198.0,21641.5,20711.900390625,21012.0751953125,20997.56015625,21593.066731770832,20875.45112847222,20506.15341796875,21839.17511393229
2006-08-21,22706.599609375,21447.80078125,22077.19921875,22174.0,588248.0,22174.0,20983.0203125,21108.900146484375,21123.430078125,21602.746744791668,20959.36892361111,20515.835091145833,21798.82928059896
2006-08-22,22222.5,21447.80078125,22077.19921875,22028.80078125,252505.0,22028.80078125,21283.200390625,21133.11279296875,21229.940234375,21591.450130208334,21037.908940972222,20536.008430989583,21763.325113932293
2006-08-23,23578.099609375,21883.599609375,22028.80078125,22077.19921875,995147.0,22077.19921875,21651.16015625,21229.937744140625,21297.7201171875,21559.1734375,21133.662239583333,20584.423404947916,21728.224267578124
2006-08-24,22706.599609375,21157.30078125,22512.900390625,21351.0,277394.0,21351.0,21854.5,21296.5126953125,21249.31015625,21473.640104166665,21210.051128472223,20602.175065104166,21693.930094401043
2006-08-25,21835.099609375,21302.599609375,21738.30078125,21689.900390625,197770.0,21689.900390625,21864.180078125,21441.7626953125,21288.040234375,21396.1767578125,21302.577821180555,20586.036751302083,21661.653434244792
2006-08-28,21689.900390625,21254.19921875,21593.099609375,21399.400390625,122483.0,21399.400390625,21709.26015625,21587.0126953125,21346.140234375,21344.533463541666,21395.104513888888,20598.946744791665,21624.938444010415
2006-08-29,22028.80078125,21399.400390625,21399.400390625,22028.80078125,269132.0,22028.80078125,21709.26015625,21798.8251953125,21496.2302734375,21346.146809895832,21490.857855902777,20639.291764322916,21597.503450520835
2006-08-30,22900.30078125,21883.599609375,21980.400390625,22464.5,322111.0,22464.5,21786.7203125,21901.7001953125,21718.940234375,21371.966796875,21596.293402777777,20689.320084635416,21585.399283854167
2006-08-31,23142.30078125,22270.900390625,22755.0,22319.30078125,324177.0,22319.30078125,21980.38046875,21919.86279296875,21917.440234375,21389.720182291665,21684.515625,20736.92841796875,21580.5576171875
2006-09-01,23723.30078125,22319.30078125,22512.900390625,23529.69921875,474440.0,23529.69921875,22348.340234375,22107.47509765625,22106.26015625,21409.086848958334,21783.49782986111,20834.565071614583,21557.5609375
2006-09-04,23917.0,23336.0,23917.0,23626.5,410514.0,23626.5,22793.76015625,22301.1376953125,22251.51015625,21444.590169270832,21821.153385416666,20937.850065104165,21538.5984375
2006-09-05,23723.30078125,22900.30078125,23723.30078125,23239.19921875,290406.0,23239.19921875,23035.83984375,22537.16259765625,22372.55,21493.0068359375,21853.431163194444,21015.3150390625,21520.846761067707
2006-09-06,23771.69921875,22464.5,23336.0,22464.5,353403.0,22464.5,23035.83984375,22633.987548828125,22411.280078125,21515.6001953125,21864.188932291665,21084.710026041666,21503.497591145835
2006-09-07,22706.599609375,22222.5,22222.5,22512.900390625,204895.0,22512.900390625,23074.559765625,22773.175048828125,22527.4701171875,21552.716861979166,21860.960069444445,21170.24169921875,21490.990087890626
2006-09-08,22755.0,22319.30078125,22706.599609375,22367.69921875,179387.0,22367.69921875,22842.159765625,22815.537353515625,22595.25,21602.746809895834,21845.89782986111,21244.478352864582,21473.641748046874
2006-09-11,22561.400390625,21835.099609375,22319.30078125,21883.599609375,204895.0,21883.599609375,22493.5796875,22742.9248046875,22643.669921875,21635.0234375,21845.89782986111,21302.576692708335,21459.520914713543
2006-09-12,23142.30078125,21593.099609375,21786.69921875,22416.099609375,551896.0,22416.099609375,22328.959765625,22755.024658203125,22682.3998046875,21678.596744791666,21846.973394097222,21367.936686197918,21451.048404947916
2006-09-13,22658.19921875,21883.599609375,22658.19921875,21883.599609375,194878.0,21883.599609375,22212.7796875,22549.26220703125,22624.309765625,21739.923372395835,21821.153385416666,21436.525,21433.296728515626
2006-09-14,22609.80078125,21883.599609375,21883.599609375,22367.69921875,175256.0,22367.69921875,22183.739453125,22391.912109375,22629.149609375,21807.7033203125,21786.724479166667,21510.761653645834,21428.051725260415
2006-09-15,24110.599609375,22270.900390625,22416.099609375,24110.599609375,663948.0,24110.599609375,22532.31953125,22500.837158203125,22687.2396484375,21930.3533203125,21788.87556423611,21620.50166015625,21432.085888671874
2006-09-18,24401.099609375,23626.5,23723.30078125,24352.69921875,468864.0,24352.69921875,23026.139453125,22736.862060546875,22759.8595703125,22044.933268229168,21820.07556423611,21739.118326822918,21443.382552083334
2006-09-19,25272.599609375,23771.69921875,24304.30078125,24933.69921875,384076.0,24933.69921875,23529.659375,23039.4619140625,22929.3095703125,22177.2666015625,21885.704427083332,21859.348307291668,21464.362548828125
2006-09-20,25708.30078125,24498.0,24885.30078125,24498.0,639885.0,24498.0,24052.539453125,23305.74951171875,23132.6595703125,22280.553255208335,21948.106640625,21972.316634114584,21489.780875651042
2006-09-21,25175.80078125,23965.400390625,24933.69921875,24498.0,345451.0,24498.0,24478.599609375,23632.549560546875,23331.16953125,22369.3166015625,22008.357769097223,22074.794954427085,21515.6025390625
2006-09-22,24352.69921875,23093.900390625,24304.30078125,23142.30078125,240422.0,23142.30078125,24284.93984375,23723.32470703125,23408.6296875,22430.639973958332,22012.660026041667,22142.574967447916,21524.075048828126
2006-09-25,23578.099609375,22851.900390625,22851.900390625,23093.900390625,156047.0,23093.900390625,24033.180078125,23874.6123046875,23529.659765625,22506.489973958334,22024.493359375,22161.939973958335,21526.89921875
2006-09-26,24255.900390625,23190.80078125,23239.19921875,23917.0,303729.0,23917.0,23829.840234375,24068.27490234375,23679.7498046875,22619.4599609375,22071.83337673611,22197.444986979168,21531.337548828124
2006-09-27,24546.400390625,23723.30078125,24159.099609375,24013.80078125,194775.0,24013.80078125,23733.000390625,24056.175048828125,23892.769921875,22745.339973958333,22121.324522569445,22231.334993489585,21537.792561848957
2006-09-28,24691.599609375,23771.69921875,24013.80078125,24691.599609375,231230.0,24691.599609375,23771.7203125,24098.53759765625,24125.1599609375,22890.583268229166,22194.484505208333,22265.225,21543.440885416665
2006-09-29,25078.900390625,23917.0,24885.30078125,23917.0,195394.0,23917.0,23926.66015625,23971.4501953125,24105.8,22966.433268229168,22262.266710069445,22279.75,21543.440885416665
2006-10-02,24062.19921875,23336.0,24062.19921875,23384.400390625,139730.0,23384.400390625,23984.76015625,23832.250244140625,24008.9701171875,23006.779947916668,22317.13559027778,22304.763346354168,21543.037548828124
2006-10-04,23142.30078125,22416.099609375,23045.5,22803.400390625,147269.0,22803.400390625,23762.040234375,23620.42529296875,23795.940234375,23032.599934895832,22354.791145833333,22312.025032552083,21540.21337890625
2006-10-09,22851.900390625,19414.400390625,22706.599609375,19462.80078125,507694.0,19462.80078125,22851.840234375,23160.48779296875,23292.4203125,22945.4533203125,22341.88003472222,22252.31337890625,21506.726725260418
2006-10-10,20721.599609375,19462.80078125,19462.80078125,20237.400390625,246308.0,20237.400390625,21961.000390625,22803.42529296875,22866.3603515625,22908.333333333332,22339.726692708333,22190.98671875,21484.939225260416
2006-10-11,20624.80078125,19511.19921875,19656.5,19995.400390625,190437.0,19995.400390625,21176.68046875,22313.225341796875,22551.6703125,22851.85,22330.044487847223,22124.01337890625,21464.766731770833
2006-10-12,21205.69921875,20043.80078125,20285.900390625,20673.19921875,317257.0,20673.19921875,20634.440234375,21895.650146484375,22309.6001953125,22827.643294270834,22324.664453125,22086.08837890625,21445.40089518229
2006-10-13,21205.69921875,20673.19921875,21012.099609375,20721.599609375,164619.0,20721.599609375,20218.080078125,21399.400146484375,21990.06015625,22784.069921875,22319.284461805557,22065.108365885415,21428.455891927082
2006-10-16,21447.80078125,20770.0,21108.900390625,20963.69921875,129712.0,20963.69921875,20518.259765625,21030.237548828125,21685.05,22734.043229166666,22309.602213541668,22053.005013020833,21415.94921875
2006-10-17,21108.900390625,19947.0,21060.5,20527.900390625,186822.0,20527.900390625,20576.359765625,20673.175048828125,21268.680078125,22674.3298828125,22280.55334201389,22032.025032552083,21404.248388671876
2006-10-18,20963.69921875,20285.900390625,20285.900390625,20721.599609375,125788.0,20721.599609375,20721.599609375,20412.949951171875,20949.1400390625,22580.7265625,22267.642230902777,21994.906705729165,21399.40672200521
2006-10-19,21254.19921875,20624.80078125,20818.400390625,20624.80078125,151193.0,20624.80078125,20711.919921875,20558.199951171875,20673.180078125,22480.669921875,22263.34001736111,21962.630045572918,21392.951725260416
2006-10-20,21012.099609375,20624.80078125,20963.69921875,20721.599609375,90674.0,20721.599609375,20711.919921875,20618.724853515625,20465.0,22396.749934895834,22267.644444444446,21944.878385416665,21372.779215494793
2006-10-23,21447.80078125,20866.80078125,20866.80078125,21254.19921875,186409.0,21254.19921875,20770.019921875,20776.07470703125,20644.13984375,22356.406575520832,22290.239973958334,21936.003385416665,21378.02420247396
2006-10-24,21496.19921875,20818.400390625,21496.19921875,20866.80078125,116286.0,20866.80078125,20837.8,20800.27490234375,20707.0798828125,22301.536588541665,22302.073307291666,21927.126725260416,21374.392545572915
2006-10-25,21060.5,20576.400390625,20866.80078125,20963.69921875,124652.0,20963.69921875,20886.219921875,20830.537353515625,20803.909765625,22254.736588541666,22287.011067708332,21928.74169921875,21373.585872395834
2006-10-26,21060.5,20576.400390625,21012.099609375,20576.400390625,91088.0,20576.400390625,20876.53984375,20782.125,20794.2298828125,22211.16328125,22251.508854166666,21923.093359375,21367.534212239585
2006-10-27,20770.0,20382.69921875,20624.80078125,20479.5,91810.0,20479.5,20828.119921875,20776.074951171875,20770.019921875,22146.6099609375,22217.079947916667,21912.603352864582,21359.4650390625
2006-10-30,20479.5,20043.80078125,20334.30078125,20092.19921875,81277.0,20092.19921875,20595.719921875,20697.39990234375,20682.869921875,22086.896614583333,22172.968836805554,21913.409993489582,21345.747526041665
2006-10-31,20479.5,20140.599609375,20140.599609375,20237.400390625,85304.0,20237.400390625,20469.83984375,20648.974853515625,20653.819921875,22015.886653645834,22148.222178819444,21911.794986979166,21331.222526041667
2006-11-01,21157.30078125,20673.19921875,20818.400390625,21060.5,156976.0,21060.5,20489.2,20691.33740234375,20687.7099609375,21914.216666666667,22134.23550347222,21922.284993489582,21315.487532552084
2006-11-02,21060.5,20673.19921875,21012.099609375,20915.30078125,80450.0,20915.30078125,20556.980078125,20648.97509765625,20716.7599609375,21799.63671875,22123.477734375,21922.284993489582,21303.384212239584
2006-11-03,20334.30078125,18978.69921875,20334.30078125,19414.400390625,544873.0,19414.400390625,20343.96015625,20467.425048828125,20586.0400390625,21615.660091145834,22065.379947916666,21896.463346354165,21282.404215494793
2006-11-06,19850.099609375,19462.80078125,19801.69921875,19753.30078125,122070.0,19753.30078125,20276.18046875,20316.125244140625,20435.9501953125,21457.503450520835,22005.13107638889,21869.028352864585,21264.651725260417
2006-11-07,19947.0,19366.0,19947.0,19511.19921875,158112.0,19511.19921875,20130.940234375,20182.97509765625,20300.3900390625,21291.2767578125,21942.728819444445,21830.2966796875,21237.216715494793
2006-11-08,19704.900390625,19366.0,19608.099609375,19414.400390625,91501.0,19414.400390625,19801.7203125,20049.837646484375,20145.46015625,21167.013411458334,21851.277734375,21798.826692708335,21197.27421875
2006-11-09,20189.0,19511.19921875,20043.80078125,19559.599609375,177115.0,19559.599609375,19530.580078125,19983.2626953125,20043.780078125,21049.203385416666,21760.90217013889,21777.8466796875,21172.66337890625
2006-11-10,19704.900390625,19462.80078125,19462.80078125,19462.80078125,89125.0,19462.80078125,19540.26015625,19886.437744140625,19942.11015625,20900.730078125,21676.98220486111,21760.09501953125,21144.017545572915
2006-11-13,19704.900390625,19462.80078125,19608.099609375,19462.80078125,92224.0,19462.80078125,19482.16015625,19686.725341796875,19879.1703125,20749.030078125,21610.277777777777,21747.185026041665,21127.87921549479
2006-11-14,20140.599609375,19559.599609375,19559.599609375,19898.5,185067.0,19898.5,19559.6203125,19559.625244140625,19845.2802734375,20589.260091145832,21552.179991319445,21739.9216796875,21116.178385416668
2006-11-15,20140.599609375,19753.30078125,19898.5,20140.599609375,110193.0,20140.599609375,19704.86015625,19650.400146484375,19753.290234375,20463.380078125,21502.68888888889,21714.906673177084,21110.530045572916
2006-11-16,20237.400390625,19608.099609375,20237.400390625,19608.099609375,115873.0,19608.099609375,19714.56015625,19632.25,19622.5701171875,20337.503385416665,21452.12222222222,21672.141666666666,21093.98837890625
2006-11-17,19898.5,19608.099609375,19608.099609375,19608.099609375,76113.0,19608.099609375,19743.619921875,19644.362548828125,19641.9400390625,20230.993359375,21389.722222222223,21631.796647135416,21083.9025390625
2006-11-20,19753.30078125,19220.69921875,19656.5,19220.69921875,106269.0,19220.69921875,19695.199609375,19620.14990234375,19588.6798828125,20222.923307291665,21330.54665798611,21584.188313802082,21084.305859375
2006-11-21,19172.30078125,18349.30078125,19075.5,18591.30078125,207064.0,18591.30078125,19433.759765625,19499.112548828125,19496.6900390625,20168.0533203125,21246.626692708334,21538.193326822915,21070.184195963542
2006-11-22,18881.80078125,18494.5,18591.30078125,18688.19921875,88299.0,18688.19921875,19143.2796875,19402.287353515625,19424.069921875,20124.479947916665,21126.12890625,21488.164973958334,21037.10086263021
2006-11-23,19220.69921875,18688.19921875,18736.599609375,18930.19921875,119075.0,18930.19921875,19007.699609375,19335.712158203125,19361.1298828125,20066.379947916666,21005.62890625,21447.01162109375,21022.97918294271
2006-11-24,18978.69921875,18494.5,18833.400390625,18591.30078125,94186.0,18591.30078125,18804.33984375,19172.312255859375,19273.9798828125,19995.369986979167,20864.68671875,21389.719954427084,21014.505859375
2006-11-27,18881.80078125,18494.5,18591.30078125,18688.19921875,79727.0,18688.19921875,18697.83984375,18990.76220703125,19196.5197265625,19919.519986979165,20735.58003472222,21326.781608072917,21008.050846354166
2006-11-28,18881.80078125,17961.900390625,18494.5,18397.69921875,138077.0,18397.69921875,18659.11953125,18839.462158203125,19046.4396484375,19848.51328125,20600.01779513889,21261.42158203125,20999.175
2006-11-29,18591.30078125,18155.599609375,18397.69921875,18155.599609375,83549.0,18155.599609375,18552.599609375,18657.899658203125,18847.9396484375,19762.979947916665,20489.202213541666,21171.853255208334,21003.20916341146
2006-11-30,19608.099609375,18204.0,18204.0,18639.80078125,328204.0,18639.80078125,18494.519921875,18585.287353515625,18751.109765625,19696.81328125,20390.222222222223,21088.7416015625,21013.295833333334
2006-12-01,18833.400390625,18397.69921875,18833.400390625,18397.69921875,71259.0,18397.69921875,18455.799609375,18561.087158203125,18630.0697265625,19619.349934895832,20267.57109375,21008.049934895833,21011.682486979167
2006-12-04,18639.80078125,18204.0,18397.69921875,18300.80078125,91707.0,18300.80078125,18378.319921875,18512.662353515625,18538.0798828125,19520.9033203125,20140.615538194445,20938.654947916668,21011.682486979167
2006-12-05,18542.900390625,18107.19921875,18300.80078125,18542.900390625,85717.0,18542.900390625,18407.36015625,18464.25,18533.23984375,19443.439973958335,20003.977777777778,20872.48828125,21021.364990234375
2006-12-06,18785.0,18300.80078125,18639.80078125,18397.69921875,87576.0,18397.69921875,18455.780078125,18440.0498046875,18504.18984375,19357.906640625,19881.326649305556,20806.321614583332,21025.399983723957
2006-12-07,18881.80078125,18204.0,18300.80078125,18300.80078125,116390.0,18300.80078125,18387.980078125,18391.625,18441.25,19282.0533203125,19768.357769097223,20746.60830078125,21024.59249674479
2006-12-08,18542.900390625,17623.0,18542.900390625,17719.900390625,108644.0,17719.900390625,18252.4203125,18306.900146484375,18354.1099609375,19190.066666666666,19655.391102430556,20668.338313802084,21018.1375
2006-12-11,17961.900390625,17574.599609375,17623.0,17671.5,64856.0,17671.5,18126.56015625,18246.3876953125,18252.4400390625,19109.376692708334,19615.584418402777,20598.136653645834,21017.330826822916
2006-12-12,17671.5,16896.80078125,17623.0,16993.599609375,126924.0,16993.599609375,17816.7,18040.612548828125,18112.030078125,19001.25,19543.49995659722,20508.568326822915,21009.664990234374
2006-12-13,17284.099609375,16896.80078125,16896.80078125,17090.5,57420.0,17090.5,17555.26015625,17877.212646484375,18005.5201171875,18868.916666666668,19478.946614583332,20391.566666666666,21006.03416341146
2006-12-14,17284.099609375,16945.19921875,17042.099609375,17235.69921875,76319.0,17235.69921875,17342.23984375,17744.074951171875,17865.1099609375,18746.26328125,19402.557725694445,20272.95,21006.03416341146
2006-12-15,17623.0,17138.900390625,17138.900390625,17332.5,71156.0,17332.5,17264.759765625,17592.77490234375,17758.5900390625,18676.8666015625,19327.244401041666,20146.263346354168,21002.805826822918
2006-12-18,19172.30078125,18010.400390625,18107.19921875,18058.80078125,421151.0,18058.80078125,17342.219921875,17550.41259765625,17734.3900390625,18620.383268229165,19262.691102430555,20038.943359375,21005.629996744792
2006-12-19,18058.80078125,17574.599609375,18010.400390625,17574.599609375,82206.0,17574.599609375,17458.419921875,17459.637451171875,17637.5599609375,18555.829947916667,19197.062196180555,19923.553352864583,20999.174153645832
2006-12-20,17768.30078125,17284.099609375,17574.599609375,17429.400390625,96148.0,17429.400390625,17526.2,17423.324951171875,17540.730078125,18489.66328125,19123.902213541667,19828.338346354165,20985.456656901042
2006-12-21,17429.400390625,17090.5,17332.5,17187.30078125,66199.0,17187.30078125,17516.5203125,17362.800048828125,17429.380078125,18410.586653645834,19047.513324652777,19729.89501953125,20945.91749674479
2006-12-22,17429.400390625,17090.5,17138.900390625,17138.900390625,60105.0,17138.900390625,17477.800390625,17380.962646484375,17371.280078125,18333.123307291666,18967.897786458332,19616.926692708334,20907.18583984375
2006-12-26,17235.69921875,16557.900390625,17138.900390625,16557.900390625,80863.0,16557.900390625,17177.6203125,17314.3876953125,17259.9201171875,18236.293294270832,18863.535590277777,19492.661686197916,20861.99833984375
2006-12-27,16800.0,16606.30078125,16800.0,16606.30078125,20448.0,16606.30078125,16983.960546875,17235.712890625,17221.190234375,18126.5533203125,18768.8578125,19357.906705729165,20811.565852864584
2006-12-28,16848.400390625,16606.30078125,16703.19921875,16848.400390625,54322.0,16848.400390625,16867.760546875,17175.200439453125,17196.9802734375,18016.813346354167,18677.406727430556,19240.096712239585,20759.92335611979
2007-01-02,18155.599609375,17042.099609375,17138.900390625,17187.30078125,209233.0,17187.30078125,16867.760546875,17066.262939453125,17192.1404296875,17936.120052083334,18602.093402777777,19136.81171875,20720.787532552084
2007-01-03,17235.69921875,16896.80078125,17138.900390625,16896.80078125,43995.0,16896.80078125,16819.340625,16981.5380859375,17148.5705078125,17845.743424479166,18522.477864583332,19038.368391927084,20675.196712239584
2007-01-04,17865.099609375,16945.19921875,16993.599609375,17187.30078125,145823.0,17187.30078125,16945.220703125,16951.275634765625,17061.4205078125,17777.9634765625,18457.924565972222,19000.443391927085,20626.378385416665
2007-01-05,18204.0,17090.5,17429.400390625,18010.400390625,255603.0,18010.400390625,17226.040625,17054.1630859375,17105.0005859375,17758.600130208335,18408.435677083333,18963.326725260416,20577.15672200521
2007-01-08,18639.80078125,17671.5,18058.80078125,17816.69921875,219147.0,17816.69921875,17419.700390625,17138.887939453125,17143.73046875,17729.550130208332,18336.351215277777,18927.0150390625,20525.514208984376
2007-01-09,17961.900390625,17381.0,17961.900390625,17623.0,89848.0,17623.0,17506.840234375,17272.025390625,17187.300390625,17685.976822916666,18263.188975694444,18876.178385416668,20481.133382161457
2007-01-10,17913.5,17042.099609375,17719.900390625,17284.099609375,197253.0,17284.099609375,17584.3,17356.750244140625,17201.8203125,17642.403450520833,18215.848958333332,18818.88671875,20441.99754231771
2007-01-11,17623.0,17235.69921875,17381.0,17429.400390625,83962.0,17429.400390625,17632.719921875,17429.375244140625,17288.9703125,17600.443489583333,18164.206727430555,18759.98173828125,20406.49337565104
2007-01-12,18058.80078125,17381.0,17961.900390625,17381.0,122380.0,17381.0,17506.83984375,17453.587646484375,17366.440234375,17566.553515625,18116.86896701389,18707.5333984375,20369.779215494793
2007-01-15,17574.599609375,17042.099609375,17574.599609375,17090.5,81483.0,17090.5,17361.6,17477.800048828125,17390.6501953125,17531.0501953125,18065.22673611111,18647.015071614584,20320.960888671874
2007-01-16,17235.69921875,16945.19921875,17090.5,17187.30078125,85098.0,17187.30078125,17274.46015625,17477.800048828125,17390.6501953125,17482.633528645834,18012.508984375,18589.723404947916,20276.176725260415
2007-01-17,17284.099609375,16703.19921875,17284.099609375,16703.19921875,71982.0,16703.19921875,17158.280078125,17314.39990234375,17371.2900390625,17426.1501953125,17951.184505208334,18522.750065104166,20233.814225260416
2007-01-18,17913.5,16945.19921875,16945.19921875,17526.19921875,394300.0,17526.19921875,17177.63984375,17278.08740234375,17405.1798828125,17400.330143229166,17908.148914930556,18460.616731770835,20198.31005859375
2007-01-19,17429.400390625,16654.69921875,17429.400390625,16654.69921875,111742.0,16654.69921875,17032.3796875,17157.0498046875,17269.609765625,17337.390104166665,17836.064453125,18390.4150390625,20158.770882161458
2007-01-22,16848.400390625,15686.400390625,16800.0,15734.900390625,173294.0,15734.900390625,16761.259765625,16963.39990234375,17061.4298828125,17248.630143229166,17738.160026041667,18303.268391927082,20116.005045572918
2007-01-23,16170.599609375,15299.099609375,15396.0,15734.900390625,176702.0,15734.900390625,16470.7796875,16751.58740234375,16872.619921875,17163.100130208335,17652.088932291666,18222.576725260416,20072.835042317707
2007-01-24,16654.69921875,15880.099609375,16073.7998046875,16073.7998046875,269545.0,16073.7998046875,16344.8998046875,16588.187377929688,16751.58994140625,17108.230110677083,17573.548936631945,18149.148388671874,20030.87587076823
2007-01-25,16170.599609375,15783.2998046875,16170.599609375,15783.2998046875,96458.0,15783.2998046875,15996.319921875,16424.787353515625,16586.9798828125,17045.290104166666,17497.16228298611,18077.3333984375,19995.371695963542
2007-01-26,15686.400390625,15444.400390625,15589.599609375,15492.7998046875,65269.0,15492.7998046875,15763.9400390625,16212.974731445312,16398.15986328125,16995.263444010416,17428.306705729166,17998.256722005208,19955.02585449219
2007-01-29,15686.400390625,14911.7998046875,15589.599609375,14911.7998046875,109677.0,14911.7998046875,15599.319921875,15989.0498046875,16180.28984375,16922.640104166665,17344.38671875,17895.778385416666,19909.031689453124
2007-01-30,15202.2998046875,14621.2998046875,14960.2001953125,14960.2001953125,87680.0,14960.2001953125,15444.3798828125,15668.299926757812,15957.57978515625,16846.79013671875,17256.164518229165,17796.526708984376,19859.405851236977
2007-01-31,15057.0,14524.5,14911.7998046875,14524.5,83445.0,14524.5,15134.519921875,15402.025024414062,15739.70986328125,16753.19013671875,17165.79116753472,17715.028369140626,19805.745857747395
2007-02-01,14766.599609375,14379.2001953125,14621.2998046875,14476.099609375,70949.0,14476.099609375,14873.0798828125,15244.674926757812,15434.69990234375,16633.766764322918,17072.188953993056,17627.07501627604,19748.051684570313
2007-02-02,15057.0,14524.5,14572.900390625,14863.400390625,114324.0,14863.400390625,14747.2,15135.737426757812,15255.57001953125,16543.39345703125,16993.648980034723,17549.611702473958,19689.954191080727
2007-02-05,15057.0,14718.099609375,14863.400390625,14911.7998046875,55045.0,14911.7998046875,14747.2,14990.487426757812,15173.2599609375,16459.4734375,16921.564539930554,17474.568359375,19636.697526041666
2007-02-06,15008.599609375,14718.099609375,14911.7998046875,14766.599609375,54632.0,14766.599609375,14708.4798828125,14863.39990234375,15076.4298828125,16378.7833984375,16835.493402777778,17394.685026041665,19586.265852864584
2007-02-07,14863.400390625,14718.099609375,14863.400390625,14863.400390625,71569.0,14863.400390625,14776.2599609375,14784.724975585938,14955.38994140625,16302.9333984375,16756.953428819445,17318.028352864585,19539.061686197918
2007-02-08,15396.0,14863.400390625,14911.7998046875,14911.7998046875,93773.0,14911.7998046875,14863.4,14784.724975585938,14868.23994140625,16248.06337890625,16681.642296006943,17242.178336588542,19494.681681315105
2007-02-09,15541.2001953125,14766.599609375,14960.2001953125,14911.7998046875,155840.0,14911.7998046875,14873.0798828125,14778.674926757812,14810.13994140625,16191.580013020834,16600.951171875,17159.066666666666,19449.494173177085
2007-02-12,15057.0,14524.5,15057.0,14621.2998046875,76939.0,14621.2998046875,14814.9798828125,14790.77490234375,14781.08994140625,16117.343326822916,16517.031184895834,17067.07833658854,19390.99250488281
2007-02-13,14718.099609375,14185.599609375,14718.099609375,14185.599609375,96768.0,14185.599609375,14698.7798828125,14754.46240234375,14703.6298828125,16017.28662109375,16425.582269965278,16976.70333658854,19324.422501627603
2007-02-14,14379.2001953125,13943.5,14185.599609375,14040.2998046875,100692.0,14040.2998046875,14534.159765625,14651.574829101562,14655.20986328125,15922.069921875,16343.813368055555,16883.906673177084,19257.85166015625
2007-02-15,14185.599609375,13991.900390625,14137.2001953125,14088.7001953125,78178.0,14088.7001953125,14369.53984375,14548.687377929688,14616.469921875,15818.783235677083,16264.195594618055,16798.37335611979,19191.280834960937
2007-02-16,14088.7001953125,13653.0,14088.7001953125,13846.7001953125,94702.0,13846.7001953125,14156.519921875,14433.699951171875,14514.79990234375,15679.993229166666,16194.264496527778,16719.2966796875,19128.745003255208
2007-02-20,14524.5,13943.5,13991.900390625,14137.2001953125,132604.0,14137.2001953125,14059.7,14342.924926757812,14437.33994140625,15557.34326171875,16128.635611979167,16643.446695963543,19065.80583496094
2007-02-21,16219.0,14040.2998046875,14282.400390625,16219.0,1176600.0,16219.0,14466.380078125,14506.324951171875,14582.57998046875,15510.54326171875,16106.042296006945,16598.26004231771,19022.635831705727
2007-02-22,17138.900390625,15686.400390625,16848.400390625,15686.400390625,612311.0,15686.400390625,14795.6001953125,14603.150024414062,14664.87998046875,15457.28662109375,16069.4623046875,16549.84503580729,18969.782495117186
2007-02-23,16703.19921875,15347.5,15686.400390625,15589.599609375,548798.0,15589.599609375,15095.780078125,14724.1875,14732.6599609375,15395.959928385417,16014.591167534722,16498.201708984376,18912.491658528645
2007-02-26,16412.69921875,15299.099609375,15589.599609375,15928.5,319426.0,15928.5,15512.1400390625,14942.050048828125,14834.32998046875,15347.54326171875,15978.011176215277,16457.048388671876,18859.234985351562
2007-02-27,16170.599609375,15299.099609375,15783.2998046875,15299.099609375,181142.0,15299.099609375,15744.519921875,15099.400024414062,14902.1099609375,15287.829915364584,15930.671158854168,16409.440055338542,18790.64665527344
2007-02-28,14911.7998046875,14137.2001953125,14427.7001953125,14815.0,151709.0,14815.0,15463.719921875,15190.1875,14965.05,15208.75322265625,15877.953363715278,16345.693375651043,18717.21748860677
2007-03-05,17477.80078125,16122.2001953125,17187.30078125,16557.900390625,544460.0,16557.900390625,15638.019921875,15529.087524414062,15216.81005859375,15203.909928385418,15865.042252604168,16315.030061848958,18661.539998372395
2007-03-06,18397.69921875,16461.099609375,16557.900390625,17429.400390625,764020.0,17429.400390625,16005.980078125,15940.612548828125,15550.880078125,15200.68330078125,15884.408919270832,16300.506722005208,18619.580834960936
2007-03-07,17719.900390625,16896.80078125,17671.5,16945.19921875,293298.0,16945.19921875,16209.319921875,16031.387451171875,15860.72998046875,15210.366634114584,15891.939995659723,16273.878369140624,18573.183325195314
2007-03-08,18107.19921875,16945.19921875,17042.099609375,17090.5,515750.0,17090.5,16567.6,16206.89990234375,16156.0599609375,15255.553287760416,15897.319986979166,16252.091715494791,18529.206665039062
2007-03-09,17381.0,16315.7998046875,17235.69921875,16315.7998046875,248477.0,16315.7998046875,16867.7599609375,16297.674926757812,16165.73994140625,15274.9166015625,15877.953298611112,16219.008365885416,18482.808333333334
2007-03-12,16654.69921875,16170.599609375,16557.900390625,16267.400390625,154394.0,16267.400390625,16809.6599609375,16340.037475585938,16223.83994140625,15281.369954427084,15863.966623263888,16194.800032552082,18431.569173177082
2007-03-13,17768.30078125,16557.900390625,16557.900390625,16800.0,412992.0,16800.0,16683.7798828125,16527.650024414062,16344.87998046875,15315.2599609375,15855.35993923611,16180.275032552083,18389.20584309896
2007-03-14,17332.5,16364.2998046875,16509.5,17235.69921875,212021.0,17235.69921875,16741.8798828125,16830.237426757812,16475.59990234375,15373.356608072916,15838.144357638888,16184.310026041667,18346.43917643229
2007-03-15,18930.19921875,16993.599609375,17381.0,18204.0,774967.0,18204.0,16964.5798828125,17035.999877929688,16766.08994140625,15483.096614583334,15846.751041666666,16202.868359375,18297.217513020834
2007-03-16,18833.400390625,17816.69921875,18349.30078125,18204.0,324590.0,18204.0,17342.219921875,17132.824829101562,17104.98994140625,15591.223274739583,15859.662152777777,16219.006705729167,18245.978352864582
2007-03-19,19704.900390625,18494.5,18930.19921875,18494.5,571621.0,18494.5,17787.63984375,17326.487426757812,17298.64990234375,15723.556608072917,15886.559939236111,16238.373372395834,18192.318359375
2007-03-20,19172.30078125,18300.80078125,18736.599609375,18930.19921875,230507.0,18930.19921875,18213.6796875,17556.449829101562,17448.72978515625,15872.026595052082,15919.911024305555,16252.8966796875,18145.92001953125
2007-03-21,20189.0,19172.30078125,19462.80078125,19317.599609375,578644.0,19317.599609375,18630.059765625,17931.6748046875,17685.96982421875,16020.49990234375,15962.946571180555,16281.9466796875,18102.75001627604
2007-03-22,19850.099609375,19075.5,19559.599609375,19850.099609375,256016.0,19850.099609375,18959.2796875,18379.51220703125,17961.92978515625,16185.109895833333,16024.271006944444,16322.291666666666,18075.315006510416
2007-03-23,21399.400390625,19850.099609375,20043.80078125,20576.400390625,1080968.0,20576.400390625,19433.759765625,18851.562255859375,18387.98984375,16378.769921875,16099.584331597222,16378.77666015625,18054.33583984375
2007-03-26,20770.0,19850.099609375,20770.0,19947.0,249613.0,19947.0,19724.259765625,19190.474853515625,18755.9498046875,16548.2232421875,16171.668793402778,16425.5783203125,18021.252506510416
2007-03-27,20479.5,19123.900390625,20479.5,19366.0,366622.0,19366.0,19811.419921875,19335.724853515625,19012.5498046875,16696.69658203125,16212.553255208333,16472.37998046875,17982.520833333332
2007-03-28,20527.900390625,18591.30078125,18978.69921875,19220.69921875,623258.0,19220.69921875,19792.03984375,19462.812255859375,19211.0498046875,16840.3265625,16269.575477430555,16515.953287760418,17936.92999674479
2007-03-29,19511.19921875,18881.80078125,19366.0,18881.80078125,200661.0,18881.80078125,19598.380078125,19511.224853515625,19278.8298828125,16982.34326171875,16339.506597222222,16549.843294270835,17894.97000325521
2007-03-30,19366.0,18688.19921875,18978.69921875,19220.69921875,168130.0,19220.69921875,19327.23984375,19547.537353515625,19380.4998046875,17150.179915364584,16416.96879340278,16583.733268229167,17860.272493489585
2007-04-02,19511.19921875,18881.80078125,19172.30078125,18881.80078125,128163.0,18881.80078125,19114.2,19493.0625,19419.2298828125,17311.56328125,16479.368815104168,16616.8166015625,17827.59249674479
2007-04-03,18833.400390625,17865.099609375,18833.400390625,18010.400390625,273366.0,18010.400390625,18843.080078125,19263.10009765625,19327.25,17442.28662109375,16528.85993923611,16630.534928385416,17815.48916015625
2007-04-04,18446.099609375,18010.400390625,18155.599609375,18252.400390625,142931.0,18252.400390625,18649.4203125,18972.60009765625,19220.730078125,17589.143294270834,16590.18439670139,16634.56826171875,17798.947493489584
2007-04-05,18252.400390625,17816.69921875,18155.599609375,18010.400390625,89745.0,18010.400390625,18475.140234375,18730.525146484375,19036.76015625,17718.249967447915,16659.0421875,16637.796614583334,17782.405826822916
2007-04-06,19269.099609375,18252.400390625,18300.80078125,18688.19921875,268925.0,18688.19921875,18368.640234375,18645.800048828125,18847.9400390625,17800.556608072915,16741.886610243055,16655.549934895833,17765.86416015625
2007-04-09,18978.69921875,18494.5,18785.0,18591.30078125,110606.0,18591.30078125,18310.540234375,18567.125244140625,18712.3701171875,17897.38662109375,16832.2599609375,16677.33662109375,17748.111669921876
2007-04-10,18591.30078125,18010.400390625,18494.5,18397.69921875,123722.0,18397.69921875,18388.0,18506.612548828125,18615.5400390625,17990.98994140625,16919.40661892361,16693.474934895832,17726.72833658854
2007-04-11,18542.900390625,18107.19921875,18107.19921875,18155.599609375,67128.0,18155.599609375,18368.63984375,18373.47509765625,18509.030078125,18065.226595052085,16992.5666015625,16706.384928385418,17706.95916341146
2007-04-12,20866.80078125,18300.80078125,18300.80078125,20140.599609375,1189096.0,20140.599609375,18794.6796875,18530.824951171875,18634.9099609375,18226.609928385416,17108.762152777777,16757.219921875,17702.11749674479
2007-04-13,19947.0,18785.0,19850.099609375,18881.80078125,379015.0,18881.80078125,18833.4,18639.75,18601.0201171875,18362.169954427085,17200.211067708333,16785.461588541668,17687.59249674479
2007-04-16,19172.30078125,18446.099609375,19172.30078125,18688.19921875,255913.0,18688.19921875,18852.7796875,18694.224853515625,18581.6599609375,18433.179915364584,17285.206597222223,16818.544921875,17670.647493489585
2007-04-17,19123.900390625,18300.80078125,18591.30078125,18397.69921875,249097.0,18397.69921875,18852.7796875,18742.63720703125,18620.38984375,18465.45654296875,17362.671028645833,16833.069921875,17646.843326822916
2007-04-18,18785.0,18300.80078125,18542.900390625,18446.099609375,113808.0,18446.099609375,18910.8796875,18712.374755859375,18639.759765625,18515.486555989584,17441.211024305554,16862.926595052082,17626.670817057293
2007-04-19,18591.30078125,17865.099609375,18542.900390625,17913.5,132707.0,17913.5,18465.459765625,18627.649658203125,18630.0697265625,18542.919889322915,17514.371028645834,16899.236588541666,17601.252490234376
2007-04-20,18204.0,17816.69921875,18010.400390625,18010.400390625,79624.0,18010.400390625,18291.1796875,18579.2373046875,18562.28984375,18599.406575520832,17599.3666015625,16937.161588541665,17579.86915690104
2007-04-23,18494.5,17913.5,18155.599609375,17961.900390625,99143.0,17961.900390625,18145.919921875,18555.02490234375,18499.3498046875,18655.889908854166,17686.51328125,16968.629931640626,17558.88916015625
2007-04-24,18058.80078125,17574.599609375,17961.900390625,17865.099609375,97697.0,17865.099609375,18039.4,18270.58740234375,18446.08984375,18691.393229166668,17770.433268229168,17003.326595052084,17540.329996744793
2007-04-25,17961.900390625,17138.900390625,17913.5,17138.900390625,98317.0,17138.900390625,17777.96015625,18052.724853515625,18344.419921875,18688.1666015625,17843.593272569444,17030.761604817708,17514.509163411458
2007-04-26,17477.80078125,16800.0,17284.099609375,16945.19921875,90261.0,16945.19921875,17584.3,17834.849853515625,18024.8798828125,18646.206575520835,17905.993250868054,17064.651595052084,17480.214990234374
2007-04-27,17042.099609375,16364.2998046875,16945.19921875,16364.2998046875,113291.0,16364.2998046875,17255.0798828125,17580.674926757812,17773.12978515625,18584.883235677084,17909.222135416665,17088.053255208335,17442.289982096354
2007-04-30,16945.19921875,16267.400390625,16557.900390625,16267.400390625,73944.0,16267.400390625,16916.1798828125,17308.337524414062,17531.04990234375,18510.64658203125,17922.133246527777,17117.101595052085,17416.064982096355
2007-05-02,17090.5,16364.2998046875,16364.2998046875,16703.19921875,63410.0,16703.19921875,16683.7998046875,17157.049926757812,17361.59990234375,18436.413248697918,17946.879904513888,17154.219921875,17390.64746907552
2007-05-03,16993.599609375,16557.900390625,16993.599609375,16800.0,43375.0,16800.0,16616.0197265625,17005.749877929688,17196.98994140625,18352.49326171875,17966.246571180556,17186.49658203125,17368.054142252604
2007-05-04,18155.599609375,16800.0,16848.400390625,17865.099609375,209956.0,17865.099609375,16799.9998046875,16993.649780273438,17192.14990234375,18286.326595052084,18023.268793402778,17235.71824544271,17355.143302408855
2007-05-07,18010.400390625,17574.599609375,17961.900390625,17768.30078125,70226.0,17768.30078125,17080.8,16981.549926757812,17167.93994140625,18192.723274739583,18088.897699652778,17285.74659830729,17340.21581217448
2007-05-08,18010.400390625,17526.19921875,18010.400390625,17574.599609375,55045.0,17574.599609375,17342.23984375,17036.012329101562,17129.20986328125,18113.64326171875,18111.491015625,17330.933251953124,17324.480802408852
2007-05-09,18446.099609375,17816.69921875,17816.69921875,18058.80078125,146133.0,18058.80078125,17613.36015625,17175.212524414062,17148.57998046875,18070.069954427083,18125.47769097222,17383.383268229165,17312.780802408855
2007-05-10,18252.400390625,17719.900390625,18204.0,17816.69921875,83858.0,17816.69921875,17816.7,17356.762451171875,17216.35986328125,18023.269954427084,18144.84435763889,17431.798258463543,17295.432462565102
2007-05-11,18542.900390625,17284.099609375,17623.0,18107.19921875,130022.0,18107.19921875,17865.119921875,17586.7373046875,17332.55986328125,17997.44990234375,18167.43767361111,17489.89658203125,17278.487459309898
2007-05-14,18785.0,17961.900390625,18252.400390625,18010.400390625,138903.0,18010.400390625,17913.53984375,17750.137451171875,17497.169921875,17957.106608072918,18205.095464409722,17553.64326171875,17265.173299153645
2007-05-15,18300.80078125,17574.599609375,18010.400390625,17719.900390625,45957.0,17719.900390625,17942.6,17865.125,17642.419921875,17918.376595052083,18237.3732421875,17614.96993815104,17249.43830566406
2007-05-16,18010.400390625,17574.599609375,17719.900390625,17913.5,61964.0,17913.5,17913.53984375,17871.175048828125,17763.45,17915.14658203125,18262.117686631944,17678.7166015625,17238.544978841146
2007-05-17,18107.19921875,17671.5,17913.5,18058.80078125,63410.0,18058.80078125,17961.96015625,17907.487548828125,17889.330078125,17908.69326171875,18280.408832465277,17748.91827799479,17234.107478841146
2007-05-18,18107.19921875,17623.0,18107.19921875,17671.5,47299.0,17671.5,17874.8203125,17919.60009765625,17869.9701171875,17897.39658203125,18268.575499131945,17807.823274739585,17225.634985351564
2007-05-21,17816.69921875,17332.5,17719.900390625,17381.0,64236.0,17381.0,17748.940234375,17834.875,17831.2400390625,17853.823274739585,18250.286610243056,17827.18994140625,17212.72499186198
2007-05-22,17671.5,17090.5,17381.0,17332.5,71672.0,17332.5,17671.46015625,17774.35009765625,17807.030078125,17811.863248697915,18224.464388020835,17854.624934895834,17202.234985351562
2007-05-23,17961.900390625,17332.5,17429.400390625,17477.80078125,73221.0,17477.80078125,17584.3203125,17695.67529296875,17748.930078125,17781.199967447916,18192.1888671875,17886.094954427084,17192.14833170573
2007-05-25,18446.099609375,17477.80078125,17477.80078125,18058.80078125,152226.0,18058.80078125,17584.3203125,17701.725341796875,17773.140234375,17777.97333984375,18164.215559895834,17921.599967447917,17189.324178059895
2007-05-28,18446.099609375,17961.900390625,18397.69921875,18010.400390625,70846.0,18010.400390625,17652.100390625,17738.037841796875,17763.4603515625,17706.96669921875,18123.333355034723,17966.788313802084,17188.114184570313
2007-05-29,18349.30078125,17913.5,18155.599609375,18107.19921875,63204.0,18107.19921875,17797.340234375,17762.250244140625,17773.140234375,17681.146647135418,18068.462217881945,18021.65830078125,17183.675838216146
2007-05-30,18542.900390625,17913.5,18252.400390625,18397.69921875,99866.0,18397.69921875,18010.380078125,17804.612548828125,17840.9201171875,17671.463313802084,18034.033311631945,18052.321614583332,17183.675838216146
2007-05-31,18542.900390625,17913.5,18494.5,17961.900390625,102551.0,17961.900390625,18107.2,17840.91259765625,17845.76015625,17656.936686197918,18002.83109809028,18061.196614583332,17180.85166829427
2007-06-01,18107.19921875,17187.30078125,17961.900390625,17187.30078125,169472.0,17187.30078125,17932.9,17816.7001953125,17758.61015625,17614.976725260418,17957.644466145834,18065.231640625,17169.55500488281
2007-06-04,18300.80078125,16848.400390625,17235.69921875,17235.69921875,378292.0,17235.69921875,17777.959765625,17804.60009765625,17715.030078125,17592.383365885416,17921.064431423612,18067.651627604166,17159.871671549477
2007-06-05,17768.30078125,16896.80078125,17768.30078125,17042.099609375,94909.0,17042.099609375,17564.93984375,17750.137451171875,17681.1400390625,17560.106673177084,17872.651106770834,18079.75662434896,17149.38249511719
2007-06-07,17284.099609375,16800.0,16848.400390625,16993.599609375,105649.0,16993.599609375,17284.119921875,17616.9873046875,17647.25,17527.82998046875,17830.691080729168,18091.859944661457,17143.329988606773
2007-06-08,18785.0,17526.19921875,17623.0,17865.099609375,577301.0,17865.099609375,17264.759765625,17598.82470703125,17685.9798828125,17527.82998046875,17827.462174479166,18109.61160481771,17144.943318684895
2007-06-11,18591.30078125,17477.80078125,18300.80078125,17477.80078125,177734.0,17477.80078125,17322.859765625,17520.14990234375,17627.8798828125,17539.12666015625,17810.24884982639,18113.646630859374,17148.97832845052
2007-06-12,17671.5,17138.900390625,17526.19921875,17187.30078125,73738.0,17187.30078125,17313.180078125,17368.85009765625,17545.569921875,17547.196712239584,17791.957747395834,18096.70164388021,17149.785001627602
2007-06-13,17623.0,17138.900390625,17429.400390625,17429.400390625,51224.0,17429.400390625,17390.640234375,17302.28759765625,17477.7900390625,17582.700065104167,17763.984440104166,18083.791650390624,17151.399178059895
2007-06-14,18010.400390625,17429.400390625,17719.900390625,17526.19921875,76629.0,17526.19921875,17497.16015625,17344.64990234375,17390.6400390625,17624.660026041667,17740.315516493054,18067.65330403646,17153.013338216148
2007-06-15,17913.5,17381.0,17816.69921875,17913.5,137148.0,17913.5,17506.840234375,17429.375,17385.8,17665.003385416665,17729.555533854167,18050.70831705729,17151.802498372395
2007-06-18,18494.5,17719.900390625,18107.19921875,18010.400390625,299184.0,18010.400390625,17613.36015625,17550.41259765625,17468.1099609375,17705.350065104165,17726.32888454861,18028.92166341146,17155.434171549477
2007-06-19,18252.400390625,17381.0,18107.19921875,17526.19921875,126717.0,17526.19921875,17681.13984375,17616.987548828125,17497.1599609375,17694.053385416668,17668.231098090277,17990.189990234376,17156.24082845052
2007-06-20,17865.099609375,17187.30078125,17574.599609375,17187.30078125,114427.0,17187.30078125,17632.719921875,17532.2626953125,17511.680078125,17674.68671875,17630.575542534723,17933.704996744793,17156.24082845052
2007-06-21,17526.19921875,17187.30078125,17187.30078125,17332.5,65579.0,17332.5,17593.980078125,17514.10009765625,17545.5701171875,17666.616731770835,17600.448893229168,17890.129996744792,17157.854158528648
2007-06-22,18300.80078125,17381.0,17816.69921875,17429.400390625,265207.0,17429.400390625,17497.16015625,17544.362548828125,17502.0001953125,17645.63671875,17578.931141493056,17857.85333658854,17165.116658528645
2007-06-25,18107.19921875,17332.5,17574.599609375,17429.400390625,99556.0,17429.400390625,17380.96015625,17544.362548828125,17497.16015625,17632.7267578125,17556.337825520834,17827.99835611979,17171.975821940105
2007-06-26,17719.900390625,17090.5,17526.19921875,17090.5,91914.0,17090.5,17293.8203125,17489.900146484375,17487.480078125,17598.836783854167,17538.048936631945,17798.14334309896,17173.993318684898
2007-06-27,17526.19921875,16509.5,17235.69921875,16557.900390625,97387.0,16557.900390625,17167.940234375,17320.4501953125,17400.330078125,17550.4201171875,17505.771158854168,17753.76336263021,17168.748315429686
2007-06-28,16945.19921875,16557.900390625,16606.30078125,16800.0,56078.0,16800.0,17061.440234375,17169.150146484375,17327.71015625,17519.756770833334,17479.951150173612,17719.06668294271,17167.941642252605
2007-06-29,16896.80078125,16509.5,16848.400390625,16557.900390625,64649.0,16557.900390625,16887.140234375,17048.11279296875,17192.1501953125,17474.5701171875,17450.902278645834,17694.858349609374,17162.696638997397
2007-07-02,16800.0,16557.900390625,16800.0,16703.19921875,29123.0,16703.19921875,16741.9,16987.60009765625,17061.430078125,17429.3833984375,17441.220030381945,17669.038330078125,17151.803295898437
2007-07-03,16800.0,16461.099609375,16800.0,16606.30078125,62377.0,16606.30078125,16645.06015625,16896.8251953125,16969.440234375,17393.8767578125,17433.688953993056,17645.636669921874,17141.716642252602
2007-07-04,17235.69921875,16606.30078125,16606.30078125,16945.19921875,101312.0,16945.19921875,16722.519921875,16836.300048828125,16945.230078125,17379.350065104165,17446.59782986111,17616.586669921875,17136.068302408854
2007-07-05,17284.099609375,16606.30078125,16945.19921875,16654.69921875,77146.0,16654.69921875,16693.459765625,16739.46240234375,16877.45,17356.756705729167,17455.20447048611,17584.309977213543,17130.823299153646
2007-07-06,16751.599609375,16412.69921875,16751.599609375,16509.5,79934.0,16509.5,16683.7796875,16666.83740234375,16785.4599609375,17324.480013020835,17450.900043402777,17552.839990234374,17123.157462565105
2007-07-09,16654.69921875,16315.7998046875,16557.900390625,16606.30078125,70846.0,16606.30078125,16664.4,16672.887451171875,16703.15,17276.063346354167,17446.595616319446,17527.01834309896,17116.70163574219
2007-07-10,16606.30078125,16315.7998046875,16509.5,16412.69921875,55665.0,16412.69921875,16625.6796875,16624.474853515625,16635.369921875,17222.806640625,17414.320052083334,17464.886669921874,17111.053295898437
2007-07-11,16364.2998046875,15976.900390625,16267.400390625,16170.599609375,77042.0,16170.599609375,16470.759765625,16576.062255859375,16596.63984375,17158.2533203125,17378.81558159722,17419.69998372396,17102.580786132814
2007-07-12,16364.2998046875,15976.900390625,16122.2001953125,16073.7998046875,67954.0,16073.7998046875,16354.5798828125,16497.387329101562,16524.01982421875,17080.790006510415,17345.46447482639,17376.12666015625,17097.335791015626
2007-07-13,16654.69921875,16073.7998046875,16267.400390625,16170.599609375,127647.0,16170.599609375,16286.7998046875,16442.924682617188,16485.28974609375,17021.07998046875,17303.504448784723,17339.008333333335,17086.039127604166
2007-07-16,16557.900390625,16122.2001953125,16170.599609375,16219.0,60105.0,16219.0,16209.3396484375,16352.149780273438,16436.86982421875,16988.803287760416,17268.000021701388,17301.890006510417,17082.40830078125
2007-07-18,16993.599609375,16267.400390625,16412.69921875,16557.900390625,105443.0,16557.900390625,16238.3798828125,16340.049926757812,16432.02978515625,16966.209993489585,17233.571158854167,17279.2966796875,17089.266634114585
2007-07-19,16800.0,16219.0,16703.19921875,16267.400390625,57833.0,16267.400390625,16257.7400390625,16309.787475585938,16364.24990234375,16940.386686197915,17194.837825520834,17250.2466796875,17093.704134114585
2007-07-20,16461.099609375,16025.2998046875,16315.7998046875,16219.0,65476.0,16219.0,16286.780078125,16261.374877929688,16320.67998046875,16914.56669921875,17161.484483506945,17221.19833984375,17094.914135742187
2007-07-23,16315.7998046875,15928.5,16315.7998046875,15976.900390625,64030.0,15976.900390625,16248.040234375,16206.900024414062,16267.42001953125,16851.626725260416,17118.448936631943,17189.728352864582,17096.527473958333
2007-07-24,16073.7998046875,15396.0,16025.2998046875,15541.2001953125,80141.0,15541.2001953125,16112.4802734375,16128.22509765625,16160.9099609375,16787.073372395833,17062.502256944445,17163.100016276043,17096.930810546874
2007-07-25,15976.900390625,15492.7998046875,15976.900390625,15880.099609375,68574.0,15880.099609375,15976.9201171875,16104.012573242188,16107.65,16743.5,17022.693359375,17145.34835611979,17104.99997558594
2007-07-26,16025.2998046875,15589.599609375,15734.900390625,15734.900390625,55768.0,15734.900390625,15870.4201171875,16049.550170898438,16064.080078125,16687.016666666666,16986.113368055554,17134.858365885415,17111.455810546875
2007-07-27,16170.599609375,15057.0,15783.2998046875,15057.0,116493.0,15057.0,15638.0201171875,15904.300170898438,15962.40009765625,16604.710026041666,16935.54670138889,17114.685026041665,17115.893310546875
2007-07-30,15734.900390625,14718.099609375,14718.099609375,15202.2998046875,98110.0,15202.2998046875,15483.1,15734.85009765625,15865.5701171875,16514.336686197916,16884.980013020835,17089.670035807292,17121.944978841148
2007-07-31,15541.2001953125,15153.900390625,15347.5,15153.900390625,39967.0,15153.900390625,15405.6400390625,15595.66259765625,15759.06015625,16419.12001953125,16820.426671006946,17062.23504231771,17124.365812174477
2007-08-01,15347.5,14621.2998046875,15153.900390625,14621.2998046875,60622.0,14621.2998046875,15153.880078125,15395.950073242188,15565.40009765625,16322.2900390625,16745.11332465278,17008.171712239582,17121.944978841148
2007-08-02,14960.2001953125,14379.2001953125,14863.400390625,14621.2998046875,45957.0,14621.2998046875,14931.1599609375,15226.5,15400.7900390625,16236.756673177084,16667.648893229165,16955.72169596354,17120.734147135416
2007-08-03,15299.099609375,14911.7998046875,15008.599609375,14960.2001953125,71982.0,14960.2001953125,14911.8,15153.875,15274.91005859375,16157.680013020834,16591.260026041666,16912.148372395834,17121.54081217448
2007-08-06,15831.7001953125,14766.599609375,14960.2001953125,15396.0,129402.0,15396.0,14950.5400390625,15093.362548828125,15216.82001953125,16089.9,16534.24001736111,16867.768359375,17125.575813802083
2007-08-07,15831.7001953125,15153.900390625,15831.7001953125,15153.900390625,44924.0,15153.900390625,14950.5400390625,15020.737548828125,15178.0900390625,16014.05,16489.05334201389,16823.38837890625,17127.593318684896
2007-08-08,15396.0,14815.0,15250.7001953125,14911.7998046875,63720.0,14911.7998046875,15008.6400390625,15002.587524414062,15081.26005859375,15941.42666015625,16437.4111328125,16770.131722005208,17130.01415201823
2007-08-09,15057.0,14718.099609375,14911.7998046875,14718.099609375,58453.0,14718.099609375,15028.0,14942.0625,14979.57998046875,15880.099967447917,16385.766688368054,16715.26004231771,17134.45165201823
2007-08-10,14621.2998046875,14137.2001953125,14427.7001953125,14282.400390625,67851.0,14282.400390625,14892.4400390625,14833.125,14902.12001953125,15796.17998046875,16325.517816840278,16657.968375651042,17136.469156901043
2007-08-14,14621.2998046875,13895.099609375,14185.599609375,14040.2998046875,60932.0,14040.2998046875,14621.3,14760.5,14785.92001953125,15712.2599609375,16240.522265625,16593.4150390625,17136.0658203125
2007-08-16,13749.7998046875,12006.900390625,13749.7998046875,12006.900390625,92533.0,12006.900390625,13991.9,14433.700073242188,14471.22001953125,15555.716666666667,16118.94670138889,16492.550032552084,17120.734155273436
2007-08-17,12442.599609375,11716.400390625,12006.900390625,11716.400390625,100692.0,11716.400390625,13352.8201171875,14028.22509765625,14180.730078125,15392.719986979168,15997.371137152777,16393.298372395835,17100.56082356771
2007-08-20,13217.2998046875,12103.7001953125,12103.7001953125,12733.099609375,139833.0,12733.099609375,12955.8201171875,13695.362548828125,13991.91005859375,15252.316666666668,15893.008897569445,16315.833365885417,17071.511653645834
2007-08-21,12781.5,12394.2001953125,12684.7001953125,12587.900390625,58969.0,12587.900390625,12616.9201171875,13374.612548828125,13754.680078125,15116.756705729167,15783.268923611111,16236.756705729167,17045.6908203125
2007-08-22,13507.7998046875,12587.900390625,12587.900390625,13217.2998046875,80554.0,13217.2998046875,12452.3201171875,13162.800048828125,13536.81005859375,15007.01669921875,15678.908919270832,16165.748356119791,17025.921655273436
2007-08-23,13556.2001953125,13120.400390625,13314.099609375,13120.400390625,55665.0,13120.400390625,12675.0201171875,12963.087646484375,13333.46005859375,14890.82001953125,15570.242252604166,16083.441682942708,17002.52082519531
2007-08-24,13362.5,12926.7998046875,13120.400390625,13023.599609375,25302.0,13023.599609375,12936.4599609375,12805.737548828125,13144.6400390625,14777.850032552084,15470.184483506944,16000.328336588542,16983.558325195314
2007-08-27,14040.2998046875,13023.599609375,13168.900390625,13459.400390625,120211.0,13459.400390625,13081.7201171875,12733.125122070312,13018.7701171875,14687.476725260416,15387.342252604167,15922.865022786458,16972.261661783854
2007-08-28,13701.400390625,13217.2998046875,13362.5,13362.5,38934.0,13362.5,13236.6400390625,12902.575073242188,12926.780078125,14597.100065104167,15299.120030381944,15838.945035807292,16945.63332519531
2007-08-29,13846.7001953125,12878.400390625,13120.400390625,13701.400390625,82826.0,13701.400390625,13333.46015625,13150.700073242188,12892.89013671875,14514.793424479167,15216.2755859375,15767.936702473959,16914.566658528645
2007-08-30,14088.7001953125,13459.400390625,13701.400390625,13556.2001953125,74564.0,13556.2001953125,13420.6201171875,13253.587646484375,13047.8201171875,14426.033430989582,15130.204470486111,15707.418359375,16886.325
2007-08-31,14088.7001953125,13604.599609375,13749.7998046875,13701.400390625,51843.0,13701.400390625,13556.1802734375,13392.775146484375,13246.3201171875,14330.816764322917,15054.891145833333,15648.51337890625,16858.08250325521
2007-09-03,14282.400390625,13846.7001953125,14137.2001953125,13991.900390625,65579.0,13991.900390625,13662.6802734375,13489.600219726562,13372.2001953125,14254.966764322917,14997.868923611111,15597.676725260417,16838.716674804688
2007-09-04,13991.900390625,13556.2001953125,13943.5,13556.2001953125,41206.0,13556.2001953125,13701.4203125,13544.0751953125,13469.03017578125,14166.206770833332,14925.784483506945,15540.386735026043,16816.12333984375
2007-09-05,13846.7001953125,13314.099609375,13701.400390625,13314.099609375,31292.0,13314.099609375,13623.96015625,13580.3876953125,13478.71015625,14077.446744791667,14853.700021701388,15464.536735026042,16787.074169921874
2007-09-06,13749.7998046875,13217.2998046875,13217.2998046875,13362.5,30466.0,13362.5,13585.2201171875,13568.275146484375,13502.9201171875,14004.823404947916,14779.462261284722,15395.948388671875,16754.797509765624
2007-09-07,13701.400390625,13314.099609375,13410.900390625,13701.400390625,37592.0,13701.400390625,13585.2201171875,13610.6376953125,13570.7001953125,13932.20009765625,14714.908919270832,15337.850048828124,16717.275846354165
2007-09-10,13556.2001953125,12975.2001953125,13362.5,13217.2998046875,29536.0,13217.2998046875,13430.3,13550.125122070312,13546.49013671875,13848.280078125,14632.066710069445,15267.648372395834,16675.72001139323
2007-09-11,13459.400390625,13120.400390625,13314.099609375,13265.7001953125,26025.0,13265.7001953125,13372.2,13513.812622070312,13536.81015625,13788.570084635418,14556.755620659722,15196.640055338541,16632.1466796875
2007-09-12,13410.900390625,12830.0,13265.7001953125,12830.0,30053.0,12830.0,13275.380078125,13404.887573242188,13449.6701171875,13709.493424479168,14474.988953993055,15111.915055338543,16581.311686197918
2007-09-13,13023.599609375,12636.2998046875,12830.0,12830.0,23340.0,12830.0,13168.880078125,13259.650024414062,13377.05009765625,13632.030078125,14391.071158854167,15025.575048828125,16527.24835611979
2007-09-14,13217.2998046875,12830.0,12975.2001953125,12830.0,27987.0,12830.0,12994.6,13168.875,13289.91005859375,13572.320084635418,14311.455620659723,14947.305061848958,16468.747526041665
2007-09-17,13120.400390625,12733.099609375,12830.0,12975.2001953125,43272.0,12975.2001953125,12946.180078125,13126.512573242188,13188.2400390625,13517.45009765625,14240.446744791667,14877.103385416667,16405.40419108073
2007-09-18,13023.599609375,12491.099609375,12781.5,12491.099609375,53702.0,12491.099609375,12791.2599609375,13017.587524414062,13081.72998046875,13435.146744791668,14160.831184895833,14796.41337890625,16343.271687825521
2007-09-19,12830.0,12345.7998046875,12733.099609375,12442.599609375,50294.0,12442.599609375,12713.7798828125,12860.237426757812,12994.57998046875,13336.700065104167,14077.98674045139,14713.300032552082,16285.576684570313
2007-09-20,12491.099609375,12200.599609375,12297.400390625,12394.2001953125,38624.0,12394.2001953125,12626.619921875,12757.349975585938,12897.75,13244.71005859375,13992.99118923611,14629.380029296875,16228.689192708332
2007-09-21,12491.099609375,12200.599609375,12394.2001953125,12491.099609375,28917.0,12491.099609375,12558.83984375,12660.52490234375,12776.719921875,13164.020052083333,13902.617838541666,14552.723356119792,16175.433349609375
2007-09-27,12878.400390625,12539.5,12878.400390625,12636.2998046875,38624.0,12636.2998046875,12491.059765625,12636.312377929688,12718.619921875,13094.626725260418,13821.926714409723,14487.363346354166,16120.563354492188
2007-09-28,12733.099609375,12491.099609375,12491.099609375,12636.2998046875,33667.0,12636.2998046875,12520.0998046875,12612.099853515625,12655.6798828125,13039.756705729167,13742.311154513889,14417.968343098959,16068.517513020834
2007-10-01,13265.7001953125,12442.599609375,12587.900390625,13023.599609375,125788.0,13023.599609375,12636.2998046875,12636.2998046875,12675.03984375,13005.86669921875,13676.682248263889,14359.063330078125,16026.96083984375
2007-10-02,13120.400390625,12781.5,13072.0,12781.5,38728.0,12781.5,12713.759765625,12612.087280273438,12670.18984375,13031.686686197916,13615.355577256945,14293.701676432293,15981.370003255208
2007-10-04,13217.2998046875,12733.099609375,12781.5,13072.0,76836.0,13072.0,12829.93984375,12684.699829101562,12694.38984375,13076.87333984375,13552.953363715278,14234.796663411458,15940.216666666667
2007-10-05,13265.7001953125,12781.5,13072.0,12878.400390625,50191.0,12878.400390625,12878.3599609375,12739.174926757812,12684.70986328125,13081.71669921875,13489.4755859375,14167.016682942709,15891.801676432291
2007-10-08,13314.099609375,12781.5,13023.599609375,12878.400390625,145410.0,12878.400390625,12926.780078125,12799.699951171875,12723.43994140625,13091.400032552083,13441.062261284722,14104.078369140625,15844.194173177084
2007-10-09,13168.900390625,12781.5,13023.599609375,12781.5,69503.0,12781.5,12878.36015625,12836.0,12757.32998046875,13076.873372395834,13387.266710069445,14041.945035807292,15797.392513020834
2007-10-10,14137.2001953125,12975.2001953125,13072.0,13507.7998046875,347413.0,13507.7998046875,13023.6201171875,12944.9375,12868.68994140625,13089.786686197916,13350.686697048612,13990.303352864583,15758.660847981771
2007-10-11,13653.0,13217.2998046875,13556.2001953125,13265.7001953125,58556.0,13265.7001953125,13062.36015625,13023.612548828125,12946.15,13097.856705729168,13320.562261284722,13937.853369140625,15701.37001953125
2007-10-12,13556.2001953125,12830.0,13265.7001953125,12830.0,54735.0,12830.0,13052.680078125,12999.41259765625,12965.52001953125,13076.876692708332,13280.755598958332,13882.176708984374,15650.938346354167
2007-10-15,13023.599609375,12442.599609375,12926.7998046875,12733.099609375,65785.0,12733.099609375,13023.619921875,12993.362548828125,12975.2,13055.8966796875,13231.264474826388,13826.498372395834,15601.312516276043
2007-10-16,12733.099609375,11764.7998046875,12394.2001953125,11910.099609375,85614.0,11910.099609375,12849.33984375,12848.125,12863.85,12996.186653645833,13153.800021701389,13755.4900390625,15547.249186197916
2007-10-17,12006.900390625,10941.7998046875,11813.2001953125,11571.2001953125,80554.0,11571.2001953125,12462.019921875,12684.724975585938,12742.82001953125,12930.019986979167,13074.184461805555,13678.026708984375,15489.958357747395
2007-10-18,11861.7001953125,11232.2998046875,11619.599609375,11425.900390625,42652.0,11425.900390625,12094.0599609375,12503.162475585938,12578.21005859375,12854.169986979166,12996.720030381945,13592.493375651042,15435.89502766927
2007-10-19,11716.400390625,11377.5,11377.5,11668.0,40174.0,11668.0,11861.6599609375,12363.974975585938,12457.17001953125,12776.706640625,12928.9400390625,13515.836702473958,15383.041691080729
2007-10-22,11522.7998046875,10990.2001953125,10990.2001953125,11329.099609375,56697.0,11329.099609375,11580.8599609375,12091.637451171875,12302.23994140625,12702.469954427082,12863.3111328125,13434.338362630207,15327.768351236979
2007-10-23,11861.7001953125,10941.7998046875,11329.099609375,11377.5,103377.0,11377.5,11474.3400390625,11855.612426757812,12161.83994140625,12637.916634114583,12804.137803819445,13357.681689453126,15273.705021158854
2007-10-24,11571.2001953125,11135.400390625,11522.7998046875,11135.400390625,66302.0,11135.400390625,11387.180078125,11643.787475585938,11924.6,12563.67998046875,12784.771137152778,13284.251692708332,15223.675854492187
2007-10-25,11377.5,10796.5,11183.900390625,10844.900390625,50707.0,10844.900390625,11270.980078125,11407.762573242188,11682.52001953125,12468.463313802084,12765.404470486112,13200.331705729166,15172.840030924479
2007-10-26,11183.900390625,10699.7001953125,10844.900390625,10990.2001953125,48022.0,10990.2001953125,11135.4201171875,11292.775146484375,11498.5400390625,12394.22666015625,12726.673372395833,13121.253369140624,15128.055867513021
2007-10-29,11764.7998046875,10651.2998046875,10941.7998046875,11571.2001953125,89848.0,11571.2001953125,11183.840234375,11292.775146484375,11382.35009765625,12337.743326822916,12704.080034722223,13063.156705729167,15088.920865885417
2007-10-30,12103.7001953125,11232.2998046875,11910.099609375,11232.2998046875,116493.0,11232.2998046875,11154.8001953125,11268.575073242188,11314.5701171875,12284.486653645834,12659.968923611112,12996.9900390625,15043.330037434896
2007-10-31,11619.599609375,11232.2998046875,11474.2998046875,11571.2001953125,48126.0,11571.2001953125,11241.96015625,11256.47509765625,11314.5701171875,12242.52666015625,12625.542252604168,12937.278369140626,14999.756705729167
2007-11-01,11958.5,11377.5,11716.400390625,11861.7001953125,40277.0,11861.7001953125,11445.3201171875,11323.050170898438,11358.15009765625,12210.25,12599.722265625,12891.285042317708,14949.728377278645
2007-11-02,11910.099609375,11425.900390625,11668.0,11571.2001953125,55355.0,11571.2001953125,11561.5201171875,11347.2626953125,11348.4701171875,12163.45,12557.762261284723,12840.450048828125,14898.085872395834
2007-11-05,11764.7998046875,11135.400390625,11619.599609375,11329.099609375,55045.0,11329.099609375,11513.1,11371.47509765625,11348.4701171875,12124.716666666667,12512.5755859375,12779.931705729166,14846.0400390625
2007-11-06,11329.099609375,11038.599609375,11329.099609375,11183.900390625,28813.0,11183.900390625,11503.4201171875,11413.85009765625,11329.11015625,12082.760026041668,12456.631141493055,12709.730045572916,14788.749202473959
2007-11-07,11329.099609375,10844.900390625,11183.900390625,10893.400390625,50191.0,10893.400390625,11367.86015625,11401.750122070312,11304.91015625,12032.733365885417,12397.4578125,12638.721712239583,14731.055045572917
2007-11-08,11813.2001953125,10651.2998046875,10651.2998046875,11183.900390625,148508.0,11183.900390625,11232.3001953125,11353.337646484375,11338.81015625,11989.16005859375,12341.513368055555,12576.590055338542,14673.360888671876
2007-11-09,11764.7998046875,11232.2998046875,11232.2998046875,11522.7998046875,57730.0,11522.7998046875,11222.6201171875,11389.650146484375,11392.0701171875,11952.043391927084,12286.644466145834,12523.33505859375,14619.297550455729
2007-11-12,11958.5,11232.2998046875,11619.599609375,11813.2001953125,63617.0,11813.2001953125,11319.440234375,11419.900146484375,11416.2701171875,11924.60673828125,12247.9111328125,12482.181722005209,14570.075048828125
2007-11-13,12055.2998046875,11329.099609375,12055.2998046875,11571.2001953125,28400.0,11571.2001953125,11396.9001953125,11383.587646484375,11450.16015625,11876.193424479166,12209.180034722222,12441.030061848958,14517.22255045573
2007-11-14,11764.7998046875,11425.900390625,11716.400390625,11619.599609375,30466.0,11619.599609375,11542.1400390625,11389.637573242188,11455.00009765625,11837.463411458333,12170.448914930555,12434.575048828125,14463.562540690104
2007-11-15,11813.2001953125,11329.099609375,11716.400390625,11474.2998046875,37385.0,11474.2998046875,11600.219921875,11407.78759765625,11416.26005859375,11784.20673828125,12120.957790798611,12430.5400390625,14411.919205729168
2007-11-16,11619.599609375,11329.099609375,11571.2001953125,11377.5,36456.0,11377.5,11571.1599609375,11431.987548828125,11396.8900390625,11734.176725260417,12080.073350694445,12407.946712239584,14361.8900390625
2007-11-19,11522.7998046875,11329.099609375,11425.900390625,11329.099609375,19002.0,11329.099609375,11474.33984375,11486.449951171875,11396.8900390625,11682.533365885416,12037.037782118055,12386.96669921875,14311.861702473958
2007-11-20,11329.099609375,10893.400390625,11329.099609375,11038.599609375,47196.0,11038.599609375,11367.8197265625,11468.287353515625,11382.3599609375,11624.436686197916,11997.228884548611,12350.655029296875,14258.201692708333
2007-11-21,11232.2998046875,10796.5,11135.400390625,10796.5,37902.0,10796.5,11203.1998046875,11377.499877929688,11372.669921875,11534.060026041667,11952.039995659723,12311.923356119793,14197.68251953125
2007-11-22,10990.2001953125,10602.900390625,10699.7001953125,10796.5,23753.0,10796.5,11067.63984375,11250.412353515625,11333.9298828125,11451.753352864584,11906.851106770833,12274.805029296875,14137.566682942708
2007-11-23,10844.900390625,9779.8203125,10699.7001953125,10167.099609375,69194.0,10167.099609375,10825.559765625,11074.899780273438,11198.35986328125,11362.990006510418,11844.448871527778,12219.933349609375,14071.399186197918
2007-11-26,10360.7998046875,10070.2998046875,10167.099609375,10070.2998046875,50088.0,10070.2998046875,10573.7998046875,10881.2373046875,11024.06982421875,11274.230013020833,11790.6533203125,12165.063346354167,14002.004191080729
2007-11-27,10360.7998046875,9499.009765625,9925.0595703125,9876.650390625,111226.0,9876.650390625,10341.4099609375,10681.531127929688,10854.61484375,11206.448372395833,11733.6322265625,12101.317513020833,13934.627107747396
2007-11-28,10118.7001953125,9731.400390625,10070.2998046875,9731.400390625,53186.0,9731.400390625,10128.3900390625,10475.768676757812,10665.794921875,11145.121712239583,11674.458897569444,12037.570849609376,13872.494604492187
2007-11-29,11183.900390625,9682.990234375,9876.650390625,11183.900390625,248167.0,11183.900390625,10205.8701171875,10457.618774414062,10636.75498046875,11137.055045572917,11645.410026041667,11995.612516276042,13822.062947591146
2007-11-30,12249.0,10893.400390625,11474.2998046875,10941.7998046875,543944.0,10941.7998046875,10360.81015625,10445.518798828125,10593.1849609375,11112.848372395832,11607.75447048611,11944.777506510416,13771.227115885416
2007-12-03,12055.2998046875,10748.099609375,11038.599609375,12006.900390625,392647.0,12006.900390625,10748.1302734375,10596.81884765625,10660.9650390625,11135.441731770834,11593.767816840278,11918.955843098958,13729.6712890625
2007-12-04,13362.5,11716.400390625,12103.7001953125,12297.400390625,456471.0,12297.400390625,11232.2802734375,10784.431396484375,10786.8451171875,11166.105078125,11577.630056423612,11902.010856119792,13683.273795572917
2007-12-05,12684.7001953125,12055.2998046875,12394.2001953125,12394.2001953125,144790.0,12394.2001953125,11764.840234375,11062.818969726562,10946.61513671875,11208.065071614583,11569.023394097223,11885.872526041667,13640.910457356771
2007-12-06,12830.0,11910.099609375,12539.5,12006.900390625,148301.0,12006.900390625,11929.440234375,11304.89404296875,11067.65517578125,11246.798404947916,11545.35451388889,11857.630859375,13597.740454101562
2007-12-07,13798.2998046875,11958.5,12055.2998046875,13798.2998046875,550140.0,13798.2998046875,12500.740234375,11795.100219726562,11430.7751953125,11340.401725260417,11565.796723090278,11867.314192708332,13567.481282552084
2007-12-10,15831.7001953125,14282.400390625,14476.099609375,15831.7001953125,1304866.0,15831.7001953125,13265.7001953125,12557.6376953125,12006.915234375,11482.418391927084,11631.425607638888,11910.080859375,13553.36045735677
2007-12-11,15686.400390625,13604.599609375,15347.5,14524.5,1684810.0,14524.5,13711.1201171875,12975.212646484375,12471.7001953125,11592.1583984375,11670.158940972222,11938.322526041668,13525.118790690105
2007-12-12,15105.5,13072.0,14040.2998046875,13943.5,1045545.0,13943.5,14020.980078125,13350.425170898438,12892.91015625,11671.23505859375,11679.841167534722,11956.880859375,13491.227954101563
2007-12-13,15250.7001953125,13556.2001953125,14040.2998046875,14040.2998046875,576578.0,14040.2998046875,14427.6599609375,13604.60009765625,13178.55009765625,11743.855045572916,11697.0544921875,11977.052522786458,13462.178792317709
2007-12-14,16122.2001953125,14282.400390625,14330.7998046875,15831.7001953125,1467935.0,15831.7001953125,14834.3400390625,14046.387573242188,13667.54013671875,11885.871712239583,11763.758940972222,12024.660856119792,13450.882120768229
2007-12-17,16025.2998046875,14524.5,15589.599609375,15492.7998046875,1104514.0,15492.7998046875,14766.5599609375,14433.712524414062,14016.130078125,12024.66171875,11825.085611979166,12074.689192708332,13435.551285807293
2007-12-18,17768.30078125,15008.599609375,15396.0,17526.19921875,1710113.0,17526.19921875,15366.8998046875,15123.624877929688,14539.0099609375,12236.0716796875,11949.887825520833,12159.415852864584,13436.357942708333
2007-12-20,19414.400390625,14911.7998046875,17574.599609375,15299.099609375,2849843.0,15299.099609375,15638.0197265625,15311.224853515625,14829.49990234375,12382.9283203125,12032.730034722223,12207.830843098958,13418.605436197917
2007-12-21,17477.80078125,14137.2001953125,15202.2998046875,17477.80078125,2083654.0,17477.80078125,16325.519921875,15516.987426757812,15376.58994140625,12592.725,12167.216710069444,12290.942529296875,13421.832942708334
2007-12-24,17477.80078125,15299.099609375,17332.5,15396.0,1610660.0,15396.0,16238.3798828125,15625.924926757812,15536.3599609375,12721.831673177083,12250.061154513889,12336.937532552083,13412.150439453126
2007-12-26,17284.099609375,14911.7998046875,15105.5,15976.900390625,1490862.0,15976.900390625,16335.2,15880.099975585938,15550.87998046875,12860.6216796875,12353.345616319444,12392.614208984374,13405.291276041668
2007-12-27,16654.69921875,13943.5,15976.900390625,13991.900390625,700817.0,13991.900390625,15628.340234375,15874.050048828125,15497.62001953125,12941.311686197916,12411.443402777777,12408.752555338542,13383.907942708332
2007-12-28,15299.099609375,13991.900390625,14330.7998046875,14330.7998046875,554901.0,14330.7998046875,15434.6802734375,15686.4375,15536.35,13031.685026041667,12482.452278645833,12434.57421875,13364.137947591145
2008-01-02,15783.2998046875,14137.2001953125,14524.5,14815.0,585058.0,14815.0,14902.1201171875,15601.712524414062,15613.82001953125,13143.04169921875,12570.676714409723,12463.62421875,13349.21044108073
2008-01-03,15008.599609375,13604.599609375,14572.900390625,13895.099609375,355975.0,13895.099609375,14601.9400390625,15147.825073242188,15420.1599609375,13226.961686197918,12635.230034722223,12480.569205729167,13323.792944335937
2008-01-04,15202.2998046875,13798.2998046875,14040.2998046875,14088.7001953125,520681.0,14088.7001953125,14224.3,14996.525146484375,15279.75,13318.948372395833,12691.174479166666,12500.740869140625,13302.409619140624
2008-01-07,15880.099609375,13701.400390625,13701.400390625,15153.900390625,883462.0,15153.900390625,14456.7,14706.03759765625,15042.5201171875,13456.125065104166,12778.321158854167,12540.280875651042,13291.112955729166
2008-01-08,15444.400390625,14185.599609375,15202.2998046875,14185.599609375,256673.0,14185.599609375,14427.6599609375,14554.737548828125,14931.1701171875,13569.095052083334,12836.41892361111,12551.5775390625,13270.940445963543
2008-01-09,14815.0,13846.7001953125,14282.400390625,13846.7001953125,206978.0,13846.7001953125,14234.0,14288.462524414062,14568.06005859375,13670.768391927084,12880.530034722222,12561.260872395833,13249.55712076823
2008-01-10,14379.2001953125,13701.400390625,13991.900390625,13701.400390625,154635.0,13701.400390625,14195.26015625,14252.150024414062,14398.60009765625,13788.57841796875,12927.867816840278,12575.784212239583,13228.98046061198
2008-01-11,14572.900390625,13556.2001953125,13895.099609375,13749.7998046875,375344.0,13749.7998046875,14127.480078125,14179.525024414062,14175.8900390625,13911.22841796875,12981.66115451389,12592.729215494792,13209.613793945313
2008-01-14,14524.5,13604.599609375,13604.599609375,14282.400390625,352009.0,14282.400390625,13953.180078125,14112.950073242188,14204.9400390625,14058.086751302084,13050.516710069445,12632.267561848957,13193.87880045573
2008-01-15,14282.400390625,13217.2998046875,14282.400390625,13314.099609375,244668.0,13314.099609375,13778.880078125,14040.325073242188,14103.27001953125,14177.51005859375,13104.310026041667,12661.315885416667,13169.67129720052
2008-01-16,14040.2998046875,12103.7001953125,12878.400390625,12103.7001953125,293528.0,12103.7001953125,13430.280078125,13792.200073242188,13832.1400390625,14208.170052083333,13124.75002170139,12672.612548828125,13132.552962239582
2008-01-17,13556.2001953125,12297.400390625,12442.599609375,12684.7001953125,247424.0,12684.7001953125,13226.9400390625,13483.550048828125,13711.10009765625,14266.266731770833,13150.570030381945,12689.557552083334,13102.697127278645
2008-01-18,13459.400390625,12587.900390625,12636.2998046875,12975.2001953125,170473.0,12975.2001953125,13072.0201171875,13332.250122070312,13599.75009765625,14298.543391927084,13176.392252604166,12716.992561848958,13075.665462239584
2008-01-21,14911.7998046875,13653.0,13749.7998046875,14911.7998046875,259151.0,14911.7998046875,13197.9,13465.387573242188,13575.5400390625,14385.6900390625,13250.627799479167,12775.89755859375,13066.789624023437
2008-01-22,16267.400390625,12781.5,15008.599609375,13507.7998046875,1524021.0,13507.7998046875,13236.6400390625,13441.1875,13507.76005859375,14422.810026041667,13292.587803819444,12815.437548828126,13049.84462076823
2008-01-23,15492.7998046875,14137.2001953125,14185.599609375,14815.0,967925.0,14815.0,13778.9,13574.337524414062,13604.5900390625,14516.413346354168,13366.8255859375,12881.605875651041,13040.968790690104
2008-01-24,15589.599609375,14621.2998046875,15057.0,14863.400390625,623159.0,14863.400390625,14214.6400390625,13646.962524414062,13720.7900390625,14551.91669921875,13444.2900390625,12946.159212239583,13033.706290690105
2008-01-25,16170.599609375,14669.7001953125,15008.599609375,15734.900390625,753625.0,15734.900390625,14766.580078125,13949.562622070312,13919.30009765625,14548.6900390625,13542.196723090277,13015.554215494793,13039.35546061198
2008-01-28,15880.099609375,14427.7001953125,15734.900390625,14718.099609375,340695.0,14718.099609375,14727.8400390625,14276.362548828125,13962.87001953125,14555.143359375,13623.963389756944,13073.65087890625,13035.320458984375
2008-01-29,15783.2998046875,14427.7001953125,15105.5,14766.599609375,463235.0,14766.599609375,14979.6,14536.599975585938,14108.12001953125,14582.580013020834,13712.187825520834,13126.907535807291,13032.092952473959
2008-01-30,15057.0,13459.400390625,15008.599609375,13653.0,219233.0,13653.0,14747.2,14621.324951171875,14263.05,14569.67001953125,13775.66560329861,13156.762532552084,13024.023787434895
2008-01-31,13943.5,13362.5,13410.900390625,13604.599609375,134703.0,13604.599609375,14495.43984375,14457.924926757812,14355.03994140625,14495.433333333332,13852.0544921875,13190.652522786459,13015.551285807293
2008-02-01,14379.2001953125,13556.2001953125,13798.2998046875,14137.2001953125,178321.0,14137.2001953125,14175.8998046875,14536.599975585938,14471.23994140625,14450.2466796875,13942.430056423611,13237.45419921875,13008.692952473959
2008-02-04,14766.599609375,13991.900390625,14427.7001953125,14766.599609375,191088.0,14766.599609375,14185.5998046875,14530.549926757812,14456.719921875,14358.260026041668,14051.095594618055,13297.165852864584,13003.44794921875
2008-02-05,14766.599609375,14185.599609375,14621.2998046875,14476.099609375,104512.0,14476.099609375,14127.4998046875,14482.137329101562,14553.54990234375,14330.826692708333,14156.533355034722,13356.877506510416,12997.799609375
2008-02-11,14427.7001953125,13798.2998046875,14137.2001953125,14040.2998046875,60489.0,14040.2998046875,14204.959765625,14270.312255859375,14476.0798828125,14216.243326822916,14220.008897569445,13404.484163411458,12990.537109375
2008-02-12,14718.099609375,13895.099609375,14088.7001953125,14718.099609375,182161.0,14718.099609375,14427.659765625,14270.312255859375,14461.5498046875,14193.646647135416,14303.926671006944,13457.73916015625,12990.537109375
2008-02-13,15057.0,14379.2001953125,14815.0,14524.5,171812.0,14524.5,14505.1197265625,14240.0498046875,14340.509765625,14145.23330078125,14359.873328993055,13502.927490234375,12992.554606119791
2008-02-14,16025.2998046875,14185.599609375,14669.7001953125,15008.599609375,655278.0,15008.599609375,14553.5197265625,14409.499755859375,14369.559765625,14179.123274739582,14420.122200520833,13560.21748046875,13000.623771158855
2008-02-15,15347.5,14669.7001953125,14815.0,15008.599609375,203500.0,15008.599609375,14660.0197265625,14584.999755859375,14393.759765625,14201.7166015625,14478.219965277778,13616.700813802083,13025.637931315105
2008-02-18,17235.69921875,15299.099609375,15347.5,16219.0,1263241.0,16219.0,15095.759765625,14845.224731445312,14650.359765625,14248.5166015625,14571.822178819444,13695.779150390625,13063.159594726563
2008-02-19,16509.5,15783.2998046875,16219.0,16509.5,411139.0,16509.5,15454.03984375,15063.087280273438,14940.8498046875,14335.66328125,14632.071072048611,13781.312483723957,13094.629597981771
2008-02-20,17090.5,15589.599609375,16412.69921875,15589.599609375,478001.0,15589.599609375,15667.059765625,15202.274780273438,15086.08974609375,14385.69326171875,14626.691059027778,13852.320817057293,13119.643758138021
2008-02-21,15831.7001953125,15202.2998046875,15831.7001953125,15444.400390625,171784.0,15444.400390625,15754.219921875,15377.787353515625,15153.86982421875,14395.376595052083,14647.133289930556,13925.750830078125,13138.2029296875
2008-02-22,17090.5,15492.7998046875,15492.7998046875,17090.5,793885.0,17090.5,16170.6,15674.33740234375,15415.30986328125,14492.206608072916,14717.066623263889,14030.650830078124,13171.287093098957
2008-02-25,17526.19921875,16703.19921875,16945.19921875,17284.099609375,540367.0,17284.099609375,16383.619921875,16019.287353515625,15739.68984375,14606.786588541667,14789.151063368055,14138.777490234375,13206.791259765625
2008-02-26,18639.80078125,16800.0,17816.69921875,17332.5,925145.0,17332.5,16548.219921875,16309.77490234375,16001.1298828125,14727.8232421875,14822.502170138889,14258.200830078125,13239.06708984375
2008-02-27,17526.19921875,16364.2998046875,17477.80078125,16364.2998046875,414831.0,16364.2998046875,16703.1599609375,16479.237426757812,16185.10986328125,14814.9732421875,14841.868836805555,14363.100830078125,13264.082088216146
2008-02-28,16751.599609375,15880.099609375,16461.099609375,16557.900390625,271787.0,16557.900390625,16925.8599609375,16521.599975585938,16340.03994140625,14890.8232421875,14820.351085069444,14474.454996744791,13287.886254882813
2008-02-29,16557.900390625,16122.2001953125,16267.400390625,16122.2001953125,103030.0,16122.2001953125,16732.2,16473.1875,16451.4,14984.426595052084,14838.642209201389,14580.968326822916,13309.269588216146
2008-03-03,16751.599609375,15444.400390625,15686.400390625,16412.69921875,202961.0,16412.69921875,16557.919921875,16576.074951171875,16470.769921875,15128.059895833334,14814.973285590278,14668.114973958332,13331.863745117187
2008-03-04,17042.099609375,16170.599609375,16557.900390625,16170.599609375,184149.0,16170.599609375,16325.53984375,16666.849853515625,16436.8798828125,15244.25654296875,14832.186610243056,14755.261637369791,13350.019571940104
2008-03-05,16509.5,15783.2998046875,16412.69921875,15831.7001953125,220924.0,15831.7001953125,16219.019921875,16509.499877929688,16461.08994140625,15339.473209635416,14828.95993923611,14819.00830078125,13368.982071940105
2008-03-06,17187.30078125,15686.400390625,16073.7998046875,16945.19921875,372173.0,16945.19921875,16296.4796875,16467.137329101562,16611.16982421875,15407.253190104168,14894.588802083334,14896.471614583334,13399.241235351563
2008-03-07,17574.599609375,15880.099609375,16654.69921875,15976.900390625,512038.0,15976.900390625,16267.4197265625,16297.687377929688,16499.80986328125,15489.55654296875,14931.168815104167,14956.183284505209,13421.027905273437
2008-03-10,15880.099609375,14621.2998046875,15880.099609375,14718.099609375,304938.0,14718.099609375,15928.4998046875,16091.912353515625,16243.20986328125,15486.326529947917,14929.015473090278,15001.369938151041,13429.50039876302
2008-03-11,14911.7998046875,14282.400390625,14330.7998046875,14621.2998046875,118517.0,14621.2998046875,15618.63984375,15849.837280273438,15972.08984375,15478.256510416666,14945.153255208334,15015.086604817709,13441.200398763021
2008-03-12,15202.2998046875,14234.0,14960.2001953125,14234.0,166416.0,14234.0,15299.0998046875,15613.812255859375,15759.05986328125,15428.226497395834,14948.382139756945,14988.458268229168,13449.269563802083
2008-03-13,14621.2998046875,13846.7001953125,14330.7998046875,13943.5,119913.0,13943.5,14698.7599609375,15305.162353515625,15497.61982421875,15402.406510416668,14921.48435329861,14978.774934895833,13458.54873046875
2008-03-14,14766.599609375,13507.7998046875,14282.400390625,13943.5,136887.0,13943.5,14292.0798828125,15026.77490234375,15279.7498046875,15374.969856770833,14916.104361979167,14978.774934895833,13467.827897135418
2008-03-17,14282.400390625,12684.7001953125,13943.5,13217.2998046875,152769.0,13217.2998046875,13991.919921875,14699.974853515625,14960.20986328125,15360.446516927082,14902.117686631944,14965.058268229166,13471.055395507812
2008-03-18,14621.2998046875,13072.0,13168.900390625,14234.0,496200.0,14234.0,13914.4599609375,14361.074951171875,14766.54990234375,15381.426529947918,14913.953233506945,14938.429931640625,13481.545393880207
2008-03-19,14669.7001953125,13846.7001953125,14330.7998046875,13991.900390625,309290.0,13991.900390625,13866.0400390625,14112.949951171875,14582.569921875,15376.583203125,14919.333246527778,14913.41494140625,13494.052067057291
2008-03-20,14427.7001953125,13846.7001953125,13895.099609375,14234.0,103166.0,14234.0,13924.1400390625,14052.4375,14311.45,15358.8298828125,14918.257682291667,14858.544954427083,13508.980403645834
2008-03-21,14766.599609375,14234.0,14427.7001953125,14766.599609375,144982.0,14766.599609375,14088.7599609375,14070.599975585938,14190.419921875,15368.513216145833,14950.535460069445,14849.669954427083,13528.75039876302
2008-03-24,14863.400390625,14379.2001953125,14766.599609375,14766.599609375,104086.0,14766.599609375,14398.619921875,14137.174926757812,14195.269921875,15392.723209635416,15009.711002604166,14804.483268229167,13547.71289876302
2008-03-25,15492.7998046875,14282.400390625,14766.599609375,14524.5,329214.0,14524.5,14456.719921875,14209.799926757812,14185.58994140625,15386.269889322917,15050.595442708332,14789.958268229168,13563.447900390625
2008-03-26,14621.2998046875,13991.900390625,14379.2001953125,14040.2998046875,143033.0,14040.2998046875,14466.3998046875,14221.89990234375,14166.219921875,15370.1298828125,15074.264322916666,14757.681591796874,13575.147900390624
2008-03-27,14669.7001953125,14040.2998046875,14088.7001953125,14330.7998046875,96403.0,14330.7998046875,14485.759765625,14361.08740234375,14204.94990234375,15347.536555989584,15061.353211805555,14763.329915364584,13586.041235351562
2008-03-28,14718.099609375,14088.7001953125,14476.099609375,14427.7001953125,70231.0,14427.7001953125,14417.9798828125,14385.299926757812,14253.369921875,15328.1732421875,15081.795442708333,14764.944921875,13599.7595703125
2008-03-31,15153.900390625,14379.2001953125,14379.2001953125,14766.599609375,194492.0,14766.599609375,14417.9798828125,14482.137329101562,14408.29990234375,15279.759895833333,15080.719878472222,14764.138248697916,13613.881233723958
2008-04-01,15008.599609375,14524.5,14815.0,14766.599609375,121181.0,14766.599609375,14466.3998046875,14548.712280273438,14461.55986328125,15221.663216145833,15078.56875,14778.663248697916,13629.616227213543
2008-04-02,16122.2001953125,14815.0,15105.5,15589.599609375,595332.0,15589.599609375,14776.259765625,14651.587280273438,14621.32978515625,15221.663216145833,15075.33984375,14803.678238932293,13652.209554036459
2008-04-03,15880.099609375,15250.7001953125,15783.2998046875,15686.400390625,181254.0,15686.400390625,15047.3798828125,14766.562377929688,14766.56982421875,15229.7298828125,15096.857638888889,14812.553238932293,13676.417057291666
2008-04-04,15928.5,15299.099609375,15589.599609375,15299.099609375,105097.0,15299.099609375,15221.659765625,14863.387329101562,14819.81982421875,15170.016536458334,15108.690972222223,14831.111572265625,13691.344555664062
2008-04-07,15541.2001953125,15008.599609375,15347.5,15396.0,113030.0,15396.0,15347.53984375,15032.849853515625,14882.75986328125,15107.0798828125,15147.424305555556,14856.933235677083,13709.097054036458
2008-04-08,15783.2998046875,15057.0,15492.7998046875,15057.0,132298.0,15057.0,15405.619921875,15123.624877929688,14936.00986328125,15031.2298828125,15179.699869791666,14879.5265625,13727.655387369792
2008-04-10,15492.7998046875,15008.599609375,15105.5,15008.599609375,64996.0,15008.599609375,15289.419921875,15196.2373046875,15032.83984375,14986.039876302084,15199.064301215278,14900.506559244792,13746.617887369792
2008-04-11,15783.2998046875,15153.900390625,15202.2998046875,15734.900390625,170702.0,15734.900390625,15299.119921875,15317.27490234375,15173.24990234375,14958.60654296875,15220.582096354166,14924.714892578126,13778.491227213543
2008-04-14,16945.19921875,15250.7001953125,15686.400390625,15299.099609375,812417.0,15299.099609375,15299.119921875,15383.83740234375,15260.38984375,14931.169856770834,15238.870985243055,14957.798225911458,13809.557055664063
2008-04-15,15396.0,14330.7998046875,15347.5,14427.7001953125,254908.0,14427.7001953125,15105.4599609375,15238.599975585938,15226.49990234375,14865.00322265625,15247.4798828125,14996.531559244791,13834.572054036458
2008-04-16,14911.7998046875,14427.7001953125,14621.2998046875,14621.2998046875,105308.0,14621.2998046875,15018.319921875,15105.46240234375,15211.969921875,14813.359895833333,15245.328776041666,15028.808219401042,13859.182885742188
2008-04-17,15008.599609375,14379.2001953125,14718.099609375,14815.0,129879.0,14815.0,14979.6,15044.949951171875,15134.5099609375,14779.469889322916,15251.784331597222,15059.471549479167,13888.232055664062
2008-04-18,14911.7998046875,14621.2998046875,14863.400390625,14669.7001953125,45870.0,14669.7001953125,14766.5599609375,14954.162475585938,15032.83994140625,14703.619921875,15244.253233506945,15055.436555989583,13915.667057291666
2008-04-21,15153.900390625,14621.2998046875,14863.400390625,14911.7998046875,123880.0,14911.7998046875,14689.1,14936.012451171875,14994.1099609375,14668.116569010417,15242.10212673611,15078.836555989583,13947.137052408854
2008-04-22,15008.599609375,14476.099609375,14911.7998046875,14476.099609375,97274.0,14476.099609375,14698.7798828125,14869.449951171875,14902.119921875,14660.04990234375,15203.371006944444,15073.188216145832,13977.397045898437
2008-04-23,14669.7001953125,14379.2001953125,14524.5,14379.2001953125,67646.0,14379.2001953125,14650.3599609375,14699.987426757812,14834.33994140625,14651.979915364584,15156.031011284722,15065.118212890626,14005.638712565104
2008-04-24,14766.599609375,14088.7001953125,14572.900390625,14088.7001953125,79594.0,14088.7001953125,14505.1,14548.6875,14742.35,14647.136588541667,15122.677690972223,15037.68154296875,14026.617879231771
2008-04-25,14476.099609375,14088.7001953125,14234.0,14137.2001953125,62361.0,14137.2001953125,14398.6,14512.375,14582.57998046875,14653.59326171875,15093.628797743055,15027.999886067708,14050.825382486979
2008-04-28,14572.900390625,13895.099609375,14330.7998046875,13895.099609375,104945.0,13895.099609375,14195.2599609375,14421.599975585938,14442.17998046875,14651.979915364584,15022.619900173611,15013.474886067708,14070.1912109375
2008-04-29,13991.900390625,13604.599609375,13749.7998046875,13604.599609375,65524.0,13604.599609375,14020.9599609375,14270.299926757812,14359.869921875,14664.889908854168,14940.853233506945,15012.668212890625,14084.715372721354
2008-04-30,14863.400390625,13846.7001953125,13846.7001953125,14137.2001953125,258898.0,14137.2001953125,13972.5599609375,14203.737426757812,14311.4599609375,14661.663248697916,14869.846571180555,15021.544889322917,14106.098706054687
2008-05-02,14427.7001953125,14137.2001953125,14234.0,14330.7998046875,65309.0,14330.7998046875,14020.9798828125,14131.112426757812,14263.03994140625,14672.959895833334,14824.657682291667,15024.771549479166,14131.112874348959
2008-05-06,14524.5,14185.599609375,14330.7998046875,14524.5,38149.0,14524.5,14098.43984375,14137.162475585938,14248.519921875,14682.643229166666,14779.471006944445,15020.736555989582,14158.951204427083
2008-05-07,14621.2998046875,14088.7001953125,14524.5,14137.2001953125,52629.0,14137.2001953125,14146.8599609375,14106.912475585938,14171.0599609375,14661.663248697916,14735.359895833333,15015.088232421875,14185.982869466146
2008-05-08,14524.5,14088.7001953125,14137.2001953125,14330.7998046875,51726.0,14330.7998046875,14292.1,14137.174926757812,14156.52998046875,14647.136588541667,14689.095464409722,15019.929899088542,14212.20703125
2008-05-09,15008.599609375,14185.599609375,14330.7998046875,14524.5,143868.0,14524.5,14369.5599609375,14185.58740234375,14171.0599609375,14647.136588541667,14652.515473090278,15016.703238932292,14237.22119954427
2008-05-13,15105.5,14524.5,14669.7001953125,14911.7998046875,89460.0,14911.7998046875,14485.7599609375,14312.674926757812,14253.369921875,14676.186588541666,14632.0732421875,15023.158235677083,14263.04286295573
2008-05-14,15299.099609375,14088.7001953125,14815.0,14379.2001953125,142323.0,14379.2001953125,14456.7,14409.5,14277.569921875,14677.799934895833,14575.051041666668,15012.668245442708,14286.44286295573
2008-05-15,14766.599609375,14040.2998046875,14330.7998046875,14088.7001953125,119257.0,14088.7001953125,14447.0,14403.4375,14296.92998046875,14666.499934895834,14533.091037326389,14997.336588541666,14307.018701171875
2008-05-16,14282.400390625,13798.2998046875,14185.599609375,13846.7001953125,77005.0,13846.7001953125,14350.180078125,14342.925048828125,14321.1400390625,14635.83662109375,14513.726605902777,14957.798258463541,14326.788704427083
2008-05-19,13943.5,13556.2001953125,13798.2998046875,13749.7998046875,72777.0,13749.7998046875,14195.2400390625,14246.087524414062,14282.4,14601.943294270834,14494.35993923611,14911.803255208333,14346.557869466145
2008-05-20,13991.900390625,13556.2001953125,13749.7998046875,13749.7998046875,53520.0,13749.7998046875,13962.8400390625,14197.662475585938,14224.3,14540.616634114584,14483.599934895834,14881.139925130208,14366.73037109375
2008-05-21,13895.099609375,13459.400390625,13604.599609375,13701.400390625,56848.0,13701.400390625,13827.280078125,14118.987548828125,14141.9900390625,14474.449967447918,14478.219943576389,14852.089925130209,14388.920377604167
2008-05-22,15492.7998046875,14379.2001953125,15105.5,14669.7001953125,654916.0,14669.7001953125,13943.480078125,14137.137573242188,14195.2400390625,14453.469986979168,14494.357725694445,14811.74326171875,14421.197045898438
2008-05-23,14669.7001953125,13895.099609375,14476.099609375,14476.099609375,258533.0,14476.099609375,14069.3599609375,14082.675048828125,14209.77001953125,14422.806640625,14522.3310546875,14764.94326171875,14451.860375976563
2008-05-26,14379.2001953125,13846.7001953125,14379.2001953125,14040.2998046875,62433.0,14040.2998046875,14127.4599609375,14040.3125,14161.35,14388.916634114583,14518.026605902778,14710.073258463543,14484.137044270834
2008-05-27,14137.2001953125,13846.7001953125,13895.099609375,14137.2001953125,54939.0,14137.2001953125,14204.9400390625,14046.375,14083.8900390625,14359.869986979167,14521.255490451389,14672.954931640625,14518.027880859376
2008-05-28,14185.599609375,13701.400390625,14040.2998046875,13701.400390625,58323.0,13701.400390625,14204.9400390625,14028.212524414062,14016.11005859375,14292.086653645832,14509.41994357639,14625.346598307291,14549.900797526041
2008-05-29,14379.2001953125,13701.400390625,13701.400390625,13749.7998046875,111814.0,13749.7998046875,14020.9599609375,14028.212524414062,13982.22001953125,14240.443326822917,14486.824392361112,14585.806591796874,14583.387459309895
2008-05-30,14185.599609375,13749.7998046875,13991.900390625,13943.5,67623.0,13943.5,13914.4400390625,14052.425048828125,13991.9,14224.3033203125,14468.533289930556,14544.653271484374,14606.384122721354
2008-06-02,15396.0,13895.099609375,13895.099609375,14427.7001953125,433976.0,14427.7001953125,13991.9201171875,14143.212524414062,14059.6900390625,14217.85,14466.382183159722,14515.604947916667,14635.433292643229
2008-06-03,14379.2001953125,13991.900390625,14330.7998046875,14330.7998046875,93136.0,14330.7998046875,14030.6400390625,14100.849975585938,14117.7900390625,14201.709993489583,14472.837738715278,14490.58994140625,14654.79912109375
2008-06-04,14379.2001953125,14040.2998046875,14185.599609375,14234.0,40613.0,14234.0,14137.1599609375,14070.587524414062,14171.05,14187.186653645833,14470.686631944445,14445.403287760417,14670.937451171874
2008-06-05,15541.2001953125,14137.2001953125,14234.0,14330.7998046875,628622.0,14330.7998046875,14253.3599609375,14106.900024414062,14137.1599609375,14167.819986979166,14468.533289930556,14417.968277994793,14687.07578125
2008-06-09,14766.599609375,13895.099609375,13895.099609375,14766.599609375,140199.0,14766.599609375,14417.9798828125,14185.574951171875,14166.2099609375,14177.5033203125,14468.533289930556,14418.776611328125,14710.073274739583
2008-06-10,14960.2001953125,14524.5,14863.400390625,14718.099609375,90563.0,14718.099609375,14476.059765625,14312.662353515625,14233.98994140625,14188.799967447916,14467.455512152777,14420.38994140625,14717.73827311198
2008-06-11,15589.599609375,14621.2998046875,14718.099609375,15202.2998046875,423478.0,15202.2998046875,14650.359765625,14494.224853515625,14340.49990234375,14225.919954427083,14458.848849826389,14436.528271484374,14712.49326985677
2008-06-12,15444.400390625,14911.7998046875,15153.900390625,15008.599609375,132411.0,15008.599609375,14805.2796875,14627.3623046875,14471.21982421875,14254.9666015625,14443.786610243056,14454.279931640625,14716.52743326823
2008-06-13,15638.0,14911.7998046875,15250.7001953125,15638.0,280632.0,15638.0,15066.7197265625,14778.649780273438,14660.03984375,14313.06328125,14451.317730034722,14482.521598307292,14730.648266601562
2008-06-16,15880.099609375,15250.7001953125,15638.0,15299.099609375,151500.0,15299.099609375,15173.2197265625,14899.687255859375,14795.5998046875,14369.546614583332,14449.164388020834,14517.21826171875,14741.138264973959
2008-06-17,15976.900390625,14815.0,15589.599609375,15105.5,525478.0,15105.5,15250.6998046875,15008.624755859375,14863.37978515625,14401.823274739583,14450.24216579861,14531.74326171875,14735.086596679688
2008-06-18,15299.099609375,14524.5,15153.900390625,14621.2998046875,151699.0,14621.2998046875,15134.4998046875,15044.937255859375,14892.42978515625,14411.506608072918,14441.635503472222,14542.233251953125,14727.824096679688
2008-06-19,14863.400390625,14137.2001953125,14476.099609375,14137.2001953125,102279.0,14137.2001953125,14960.219921875,14966.262329101562,14882.7498046875,14398.596614583334,14406.1310546875,14540.619921875,14699.582438151041
2008-06-20,14379.2001953125,14040.2998046875,14330.7998046875,14137.2001953125,49924.0,14137.2001953125,14660.0599609375,14893.64990234375,14863.38984375,14398.596614583334,14380.311067708333,14530.129931640626,14689.899943033854
2008-06-23,14524.5,13943.5,13943.5,14185.599609375,69896.0,14185.599609375,14437.3599609375,14766.562377929688,14805.28984375,14393.756608072918,14374.9310546875,14520.446598307291,14662.46493326823
2008-06-24,14234.0,13701.400390625,14185.599609375,13749.7998046875,104576.0,13749.7998046875,14166.219921875,14609.21240234375,14708.45986328125,14367.933268229166,14355.564388020834,14507.534928385418,14648.746598307293
2008-06-25,14088.7001953125,13604.599609375,13749.7998046875,13895.099609375,64620.0,13895.099609375,14020.9798828125,14391.349853515625,14577.73984375,14334.04326171875,14335.122157118056,14505.114925130209,14631.398258463541
2008-06-26,14137.2001953125,13749.7998046875,13798.2998046875,14040.2998046875,61374.0,14040.2998046875,14001.5998046875,14233.999877929688,14480.90986328125,14322.74658203125,14321.135481770832,14500.273258463541,14631.801586914062
2008-06-27,14088.7001953125,13701.400390625,13749.7998046875,14088.7001953125,52110.0,14088.7001953125,13991.8998046875,14106.89990234375,14325.9798828125,14322.74658203125,14302.844379340278,14494.623258463542,14629.78409016927
2008-06-30,14379.2001953125,13846.7001953125,14137.2001953125,14040.2998046875,52336.0,14040.2998046875,13962.83984375,14034.27490234375,14200.09990234375,14329.19990234375,14293.159939236111,14482.51826171875,14623.328255208333
2008-07-01,14282.400390625,12878.400390625,14040.2998046875,13556.2001953125,85307.0,13556.2001953125,13924.119921875,13961.64990234375,14045.169921875,14322.74658203125,14274.871050347223,14462.344938151042,14620.504093424479
2008-07-02,13459.400390625,12152.2001953125,13362.5,12491.099609375,89060.0,12491.099609375,13643.319921875,13755.887329101562,13832.14990234375,14280.789908854167,14239.368815104166,14410.703271484375,14607.190755208334
2008-07-03,12006.900390625,10699.7001953125,11910.099609375,11910.099609375,112845.0,11910.099609375,13217.2798828125,13471.449829101562,13609.43984375,14221.0798828125,14189.877690972222,14347.764925130208,14580.15908203125
2008-07-04,12103.7001953125,11522.7998046875,11910.099609375,11861.7001953125,38071.0,11861.7001953125,12771.8798828125,13235.437377929688,13381.88984375,14127.4798828125,14144.691037326389,14290.474934895834,14560.793253580729
2008-07-07,11861.7001953125,11377.5,11571.2001953125,11861.7001953125,46052.0,11861.7001953125,12336.1599609375,12981.262451171875,13149.49990234375,14040.333235677082,14105.95993923611,14231.569938151042,14544.251586914062
2008-07-08,13023.599609375,10990.2001953125,11619.599609375,11619.599609375,360820.0,11619.599609375,11948.83984375,12678.674926757812,12936.4798828125,13959.643229166666,14050.01325954861,14174.279931640625,14526.903247070313
2008-07-09,12636.2998046875,11571.2001953125,11764.7998046875,12055.2998046875,370091.0,12055.2998046875,11861.6798828125,12424.499877929688,12752.49990234375,13890.246549479167,13999.446592881945,14125.058268229166,14512.782413736979
2008-07-10,12103.7001953125,11571.2001953125,11764.7998046875,12055.2998046875,82660.0,12055.2998046875,11890.719921875,12176.374877929688,12553.99990234375,13835.376529947916,13944.575477430555,14063.731591796875,14494.2232421875
2008-07-11,12297.400390625,11958.5,12103.7001953125,12055.2998046875,84168.0,12055.2998046875,11929.43984375,11988.762329101562,12350.65986328125,13778.893196614583,13898.311024305556,14009.66826171875,14483.733243815104
2008-07-14,12345.7998046875,11958.5,11958.5,12200.599609375,103579.0,12200.599609375,11997.2197265625,11952.449829101562,12166.68984375,13720.796516927083,13850.9732421875,13972.549918619792,14484.540738932292
2008-07-15,12442.599609375,12103.7001953125,12345.7998046875,12200.599609375,103656.0,12200.599609375,12113.4197265625,11988.762329101562,12031.12978515625,13646.559830729168,13799.331011284723,13932.204915364584,14480.506567382812
2008-07-16,13023.599609375,12297.400390625,12297.400390625,12587.900390625,207564.0,12587.900390625,12219.93984375,12079.537353515625,12040.80986328125,13588.46318359375,13747.688802083334,13895.086588541666,14477.279069010418
2008-07-17,12975.2001953125,12587.900390625,12926.7998046875,12975.2001953125,71800.0,12975.2001953125,12403.919921875,12218.724853515625,12147.319921875,13546.503190104168,13716.488802083333,13866.844921875,14461.140738932292
2008-07-18,13604.599609375,12830.0,12975.2001953125,13507.7998046875,135036.0,13507.7998046875,12694.419921875,12454.749877929688,12311.9298828125,13519.069856770833,13703.579904513888,13843.444921875,14461.140738932292
2008-07-21,13604.599609375,13217.2998046875,13459.400390625,13507.7998046875,64271.0,13507.7998046875,12955.8599609375,12636.312377929688,12476.53984375,13477.10986328125,13696.048784722223,13827.306591796874,14450.247403971354
2008-07-22,13556.2001953125,13217.2998046875,13314.099609375,13459.400390625,46500.0,13459.400390625,13207.6201171875,12811.824951171875,12660.519921875,13435.15322265625,13689.595464409722,13811.976595052083,14438.547403971354
2008-07-23,14330.7998046875,13362.5,13459.400390625,13943.5,216008.0,13943.5,13478.7400390625,13047.849975585938,12849.33994140625,13393.193229166667,13693.899913194444,13809.556591796874,14423.619067382813
2008-07-24,14669.7001953125,13701.400390625,13943.5,14234.0,183221.0,14234.0,13730.5,13302.025024414062,13067.2099609375,13367.3732421875,13705.735460069445,13811.169921875,14419.584903971354
2008-07-25,14718.099609375,13410.900390625,14088.7001953125,13798.2998046875,318180.0,13798.2998046875,13788.6,13501.737548828125,13241.5099609375,13306.04990234375,13686.371006944444,13809.556591796874,14411.515738932292
2008-07-28,15831.7001953125,15105.5,15299.099609375,15831.7001953125,859567.0,15831.7001953125,14253.380078125,13907.212524414062,13604.62001953125,13323.803255208333,13716.495464409722,13846.674934895833,14429.671573893229
2008-07-29,17138.900390625,14524.5,15831.7001953125,14524.5,2505322.0,14524.5,14466.4,14100.875,13837.01005859375,13304.436588541666,13727.25546875,13853.129931640626,14437.33741048177
2008-07-30,14863.400390625,13895.099609375,14863.400390625,13895.099609375,528762.0,13895.099609375,14456.719921875,14149.287475585938,13967.72998046875,13280.229915364584,13721.875455729167,13845.86826171875,14435.319905598959
2008-07-31,13168.900390625,12345.7998046875,12975.2001953125,12491.099609375,380461.0,12491.099609375,14108.13984375,14022.199951171875,13919.319921875,13225.359895833333,13694.9798828125,13811.978255208332,14416.357405598957
2008-08-01,12878.400390625,12442.599609375,12491.099609375,12539.5,110297.0,12539.5,13856.3798828125,13907.21240234375,13822.48994140625,13172.10322265625,13668.084331597222,13785.349918619791,14400.219075520834
2008-08-04,12878.400390625,12200.599609375,12587.900390625,12297.400390625,95528.0,12297.400390625,13149.519921875,13701.449951171875,13701.45,13109.163248697916,13631.504340277777,13751.459928385417,14385.69491373698
2008-08-05,12491.099609375,11813.2001953125,12297.400390625,11813.2001953125,66302.0,11813.2001953125,12607.2599609375,13398.849975585938,13536.82998046875,13044.609928385416,13573.404340277777,13706.271598307292,14361.487418619792
2008-08-06,12297.400390625,11910.099609375,12006.900390625,12297.400390625,58040.0,12297.400390625,12287.7201171875,13211.237548828125,13372.22001953125,12991.353287760418,13528.217686631944,13662.698274739583,14342.928255208333
2008-08-07,12491.099609375,12103.7001953125,12442.599609375,12103.7001953125,50707.0,12103.7001953125,12210.240234375,12745.237548828125,13159.1900390625,12926.799967447916,13480.877690972222,13624.773274739584,14318.720760091146
2008-08-08,12249.0,11910.099609375,12055.2998046875,12152.2001953125,28710.0,12152.2001953125,12132.7802734375,12448.700073242188,12994.580078125,12862.249967447917,13432.464366319444,13592.498274739582,14294.917431640624
2008-08-11,12684.7001953125,12200.599609375,12394.2001953125,12442.599609375,45854.0,12442.599609375,12161.8201171875,12267.137573242188,12655.67001953125,12808.993294270833,13380.819921875,13569.096598307291,14263.447428385416
2008-08-12,12491.099609375,12200.599609375,12297.400390625,12297.400390625,39760.0,12297.400390625,12258.66015625,12242.925170898438,12432.96005859375,12767.03330078125,13327.026605902778,13544.88994140625,14228.346598307291
2008-08-13,12587.900390625,12103.7001953125,12200.599609375,12587.900390625,64753.0,12587.900390625,12316.76015625,12248.975219726562,12302.24013671875,12770.259993489582,13268.928841145833,13525.524951171876,14203.332438151041
2008-08-14,12587.900390625,12345.7998046875,12587.900390625,12587.900390625,23753.0,12587.900390625,12413.6001953125,12285.287719726562,12311.92021484375,12792.853352864584,13215.135525173611,13506.966617838541,14179.528271484374
2008-08-18,12587.900390625,12345.7998046875,12491.099609375,12539.5,34264.0,12539.5,12491.06015625,12376.0751953125,12311.92021484375,12815.4466796875,13146.279969618055,13471.46328125,14141.603271484375
2008-08-19,12442.599609375,12103.7001953125,12249.0,12345.7998046875,28449.0,12345.7998046875,12471.7001953125,12382.125122070312,12316.76015625,12831.583333333334,13080.651085069445,13435.958284505208,14100.45077311198
2008-08-20,12297.400390625,12103.7001953125,12152.2001953125,12297.400390625,29256.0,12297.400390625,12471.7001953125,12406.337646484375,12365.18017578125,12854.176692708334,13018.248871527778,13406.9099609375,14058.49160970052
2008-08-21,12442.599609375,12103.7001953125,12200.599609375,12297.400390625,28908.0,12297.400390625,12413.6001953125,12424.487670898438,12365.18017578125,12862.246712239583,12966.606662326389,13376.246630859376,14024.60078125
2008-08-22,12249.0,11668.0,12249.0,11813.2001953125,33639.0,11813.2001953125,12258.66015625,12345.812744140625,12336.13017578125,12854.176725260417,12914.962217881945,13344.776627604168,13985.06161295573
2008-08-25,12539.5,11716.400390625,11813.2001953125,12103.7001953125,58533.0,12103.7001953125,12171.5001953125,12321.600219726562,12331.28017578125,12855.790071614583,12869.773328993055,13317.341634114584,13951.57411295573
2008-08-26,12249.0,11813.2001953125,11861.7001953125,12103.7001953125,40973.0,12103.7001953125,12123.0802734375,12261.0751953125,12297.390234375,12852.560091145833,12823.508897569445,13286.678304036459,13915.665787760418
2008-08-27,12926.7998046875,12200.599609375,12442.599609375,12587.900390625,203635.0,12587.900390625,12181.1802734375,12261.0751953125,12326.440234375,12865.4701171875,12797.688910590277,13256.014973958334,13885.8099609375
2008-08-28,12491.099609375,11764.7998046875,12491.099609375,11764.7998046875,92301.0,11764.7998046875,12074.66015625,12164.237670898438,12244.13017578125,12838.033430989582,12750.348914930555,13213.248307291668,13851.919124348959
2008-08-29,11958.5,11522.7998046875,11813.2001953125,11571.2001953125,38094.0,11571.2001953125,12026.26015625,12067.412719726562,12142.46015625,12791.233430989583,12695.480034722223,13168.868310546875,13807.135799153646
2008-09-01,11425.900390625,9973.48046875,11280.7001953125,9973.48046875,93774.0,9973.48046875,11600.2162109375,11776.922729492188,11885.858203125,12673.422786458334,12604.030707465277,13096.246321614582,13757.107299804688
2008-09-02,10264.0,8840.5703125,9973.48046875,9082.6396484375,76910.0,9082.6396484375,10996.0041015625,11375.07763671875,11559.5421875,12525.917447916667,12493.860481770833,13001.513655598957,13710.145133463542
2008-09-03,9731.400390625,8956.759765625,8956.759765625,9566.7900390625,101958.0,9566.7900390625,10391.78203125,11094.2763671875,11286.48115234375,12396.16376953125,12405.206922743055,12915.65849609375,13668.02421875
2008-09-04,10021.900390625,9227.8896484375,9227.8896484375,9876.650390625,69840.0,9876.650390625,10014.1521484375,10815.895141601562,11044.40615234375,12260.602115885416,12347.108051215278,12826.897672526042,13631.712972005209
2008-09-05,10360.7998046875,9537.740234375,9586.16015625,10167.099609375,64445.0,10167.099609375,9733.33203125,10573.820068359375,10879.79609375,12125.03876953125,12308.374717881945,12746.206005859374,13600.24296875
2008-09-08,10602.900390625,10167.099609375,10360.7998046875,10409.2001953125,60227.0,10409.2001953125,9820.4759765625,10301.482543945312,10710.34609375,12012.068782552084,12276.096940104168,12659.059342447918,13570.790470377604
2008-09-09,10506.0,9973.48046875,10360.7998046875,10118.7001953125,39354.0,10118.7001953125,10027.6880859375,10095.720092773438,10511.84609375,11821.63544921875,12237.363606770834,12572.719352213542,13544.968806966146
2008-09-10,10409.2001953125,10070.2998046875,10070.2998046875,10264.0,35333.0,10264.0,10167.130078125,9932.320068359375,10279.4560546875,11679.618782552083,12207.239171006944,12492.027685546875,13511.885473632812
2008-09-11,11038.599609375,10360.7998046875,10651.2998046875,10554.5,76868.0,10554.5,10302.7,10004.947509765625,10158.42607421875,11568.265462239584,12173.888064236111,12424.247688802083,13483.240470377605
2008-09-12,11135.400390625,10602.900390625,10796.5,11135.400390625,57792.0,11135.400390625,10496.36015625,10261.542602539062,10114.84609375,11523.07548828125,12153.445855034723,12374.217692057291,13457.418806966145
2008-09-16,10409.2001953125,9499.009765625,9499.009765625,9663.6201171875,119979.0,9663.6201171875,10347.244140625,10273.646362304688,10083.86005859375,11427.212825520834,12100.297417534723,12299.658024088541,13414.893977864584
2008-09-17,10312.400390625,10021.900390625,10118.7001953125,10215.599609375,52038.0,10215.599609375,10366.6240234375,10316.015014648438,10197.1560546875,11357.819466145833,12056.186306423611,12233.491357421875,13376.968977864582
2008-09-18,10118.7001953125,9576.48046875,9828.23046875,9828.23046875,59942.0,9828.23046875,10279.4701171875,10273.656372070312,10223.30009765625,11291.65380859375,12003.4669921875,12168.131868489583,13337.8333984375
2008-09-19,10360.7998046875,10021.900390625,10118.7001953125,10215.599609375,45060.0,10215.599609375,10211.6900390625,10249.456298828125,10257.19501953125,11222.26044921875,11950.749197048612,12106.806868489582,13305.960896809896
2008-09-22,11668.0,10506.0,10602.900390625,11377.5,441899.0,11377.5,10260.1099609375,10406.806274414062,10378.23505859375,11198.053776041666,11915.244748263889,12062.426871744792,13281.350065104167
2008-09-23,11425.900390625,10651.2998046875,11087.0,10990.2001953125,247362.0,10990.2001953125,10525.4259765625,10497.581298828125,10436.33505859375,11159.320442708333,11859.298090277778,12010.785205078126,13252.704231770833
2008-09-24,11135.400390625,10796.5,11135.400390625,11038.599609375,62326.0,11038.599609375,10690.0259765625,10558.09375,10528.325,11112.520442708334,11804.426974826389,11960.756868489583,13221.637565104167
2008-09-25,10990.2001953125,10748.099609375,10893.400390625,10893.400390625,30568.0,10893.400390625,10903.0599609375,10527.84375,10591.2650390625,11065.720442708332,11747.404752604167,11916.376871744791,13189.360904947916
2008-09-26,11232.2998046875,10699.7001953125,10941.7998046875,10699.7001953125,48615.0,10699.7001953125,10999.880078125,10657.353759765625,10605.78505859375,11002.780436197916,11675.3203125,11886.52021484375,13148.611743164063
2008-09-29,12249.0,10748.099609375,10941.7998046875,11038.599609375,442615.0,11038.599609375,10932.1,10760.228759765625,10596.10498046875,10951.137076822917,11604.311414930555,11871.99521484375,13109.880069986979
2008-09-30,11038.599609375,9973.48046875,10021.900390625,11038.599609375,92967.0,11038.599609375,10941.7798828125,10911.52490234375,10733.6029296875,10901.107063802083,11542.984743923611,11858.276871744793,13074.375903320313
2008-10-01,11329.099609375,10893.400390625,11183.900390625,10941.7998046875,56591.0,10941.7998046875,10922.419921875,11002.299926757812,10806.22294921875,10854.307063802084,11434.32029079861,11842.945198567708,13037.257568359375
2008-10-02,11232.2998046875,10602.900390625,10941.7998046875,10602.900390625,40571.0,10602.900390625,10864.319921875,10905.474975585938,10883.68994140625,10797.82373046875,11347.1736328125,11826.000211588542,13000.140071614584
2008-10-06,10554.5,9605.51953125,10312.400390625,9779.8203125,57877.0,9779.8203125,10680.3439453125,10754.177490234375,10840.11201171875,10713.90439453125,11255.722981770834,11788.075553385417,12956.566910807293
2008-10-07,10118.7001953125,9537.740234375,9673.3095703125,9876.650390625,36539.0,9876.650390625,10447.9541015625,10608.933837890625,10690.02705078125,10649.352734375,11197.624110243056,11751.764729817709,12907.748160807292
2008-10-08,9731.400390625,8908.349609375,9344.080078125,9150.419921875,43876.0,9150.419921875,10070.3181640625,10391.061279296875,10506.0490234375,10550.91005859375,11122.311219618055,11703.350065104167,12856.509163411458
2008-10-09,9344.080078125,8792.150390625,9150.419921875,8908.349609375,89096.0,8908.349609375,9663.628125,10167.142456054688,10293.0240234375,10444.398372395834,11046.998980034723,11648.479231770832,12810.514575195313
2008-10-10,8705.009765625,7736.7099609375,8530.7099609375,8230.5400390625,82913.0,8230.5400390625,9189.1560546875,9816.135009765625,10026.73798828125,10299.15302734375,10967.384309895833,11582.311572265626,12757.258243815104
2008-10-13,9460.2802734375,8259.58984375,8259.58984375,8782.4697265625,99694.0,8782.4697265625,8989.6859375,9534.118774414062,9835.01494140625,10199.742024739584,10889.274739583334,11518.887727864583,12706.987158203125
2008-10-14,9925.0595703125,9063.2802734375,9198.83984375,9373.1298828125,161436.0,9373.1298828125,8888.9818359375,9338.035034179688,9668.46796875,10126.473014322917,10828.595399305555,11458.85322265625,12662.849072265624
2008-10-15,9624.8896484375,9198.83984375,9295.669921875,9624.8896484375,75758.0,9624.8896484375,8983.87578125,9215.78369140625,9527.09697265625,10114.8533203125,10772.432942708334,11394.138053385417,12618.791487630207
2008-10-16,9198.83984375,8182.1298828125,9102.009765625,8182.1298828125,64730.0,8182.1298828125,8838.6318359375,9016.072387695312,9251.12998046875,10084.836328125,10677.75583767361,11305.376888020834,12566.341739908854
2008-10-17,8763.099609375,8036.8798828125,8714.6904296875,8046.56005859375,47780.0,8046.56005859375,8801.83583984375,8787.311096191406,8995.495947265625,10034.161995442708,10583.292719184028,11215.162882486979,12513.56973876953
2008-10-20,8501.66015625,7969.10009765625,8065.93017578125,8114.33984375,53185.0,8114.33984375,8668.20986328125,8657.801086425781,8828.947900390625,9975.418310546875,10483.880262586805,11118.010213216146,12463.783402506511
2008-10-21,8521.0302734375,8153.080078125,8404.830078125,8182.1298828125,31640.0,8182.1298828125,8430.00986328125,8567.023620605469,8659.495849609375,9909.252652994792,10385.974251302083,11017.145711263021,12414.15781656901
2008-10-22,8346.740234375,7581.77978515625,8191.81005859375,7717.33984375,44725.0,7717.33984375,8048.49990234375,8502.873596191406,8516.187841796875,9819.523974609376,10278.81513671875,10915.79637858073,12362.676485188802
2008-10-23,7436.5400390625,6565.06982421875,7320.33984375,6565.06982421875,79773.0,6565.06982421875,7725.087890625,8225.698608398438,8281.85986328125,9701.06962890625,10150.35447048611,10761.3525390625,12304.013736979166
2008-10-24,6700.6298828125,5587.080078125,6565.06982421875,5587.080078125,112273.0,5587.080078125,7233.19189453125,7752.4423828125,8017.5138671875,9545.172298177084,10001.236241319444,10612.395540364583,12232.762736002604
2008-10-27,5315.9599609375,4754.35009765625,4822.1298828125,4754.35009765625,320169.0,4754.35009765625,6561.1939453125,7143.624938964844,7614.701904296875,9351.833968098957,9833.612901475695,10460.04971516927,12152.95898844401
2008-10-28,5170.72021484375,4183.0498046875,4352.5,5035.14990234375,147043.0,5035.14990234375,5931.79794921875,6750.25244140625,7180.90390625,9148.49228515625,9682.989561631945,10335.78388671875,12073.881070963542
2008-10-29,5567.72021484375,4333.14013671875,5480.56982421875,4725.2998046875,117117.0,4725.2998046875,5333.38994140625,6335.094909667969,6690.944921875,8983.881608072918,9519.025108506945,10205.547216796875,11995.448567708334
2008-10-30,5432.16015625,4938.31982421875,5035.14990234375,5432.16015625,161046.0,5432.16015625,5106.8080078125,5999.822448730469,6415.94794921875,8824.433626302083,9370.768663194445,10091.126546223959,11921.293237304688
2008-10-31,5858.2099609375,5374.06005859375,5519.2998046875,5780.740234375,129351.0,5780.740234375,5145.5400390625,5699.648742675781,6189.365966796875,8689.51728515625,9219.4984375,9990.585546875,11848.428572591145
2008-11-03,6594.1201171875,5858.2099609375,5877.56982421875,6584.43017578125,254738.0,6584.43017578125,5511.5560546875,5558.0350341796875,6036.375,8568.478304036458,9104.379112413195,9895.369376627605,11779.033825683593
2008-11-04,7039.52978515625,6303.6298828125,6632.85009765625,6845.8701171875,209359.0,6845.8701171875,5873.70009765625,5593.135070800781,5902.7490234375,8417.423974609375,8999.37177734375,9807.73887532552,11716.256075032552
2008-11-05,7426.85009765625,6352.0400390625,7068.580078125,6845.8701171875,399618.0,6845.8701171875,6297.81416015625,5750.483825683594,5815.60205078125,8279.279638671875,8929.869325086805,9719.300040690105,11655.899157714844
2008-11-06,6487.60009765625,5819.47998046875,6342.35986328125,5819.47998046875,150832.0,5819.47998046875,6375.278125,5883.625061035156,5741.04306640625,8105.308984375,8857.354665798612,9608.914713541666,11589.005655924479
2008-11-07,6245.52978515625,5190.080078125,5422.47021484375,6245.52978515625,273264.0,6245.52978515625,6468.23603515625,6034.922546386719,5806.888037109375,7950.379964192708,8783.548882378473,9508.05020345052,11526.470072428385
2008-11-10,7175.08984375,6894.2900390625,6894.2900390625,7175.08984375,161933.0,7175.08984375,6586.36796875,6341.146301269531,6048.96201171875,7832.892952473959,8723.514203559027,9417.836694335938,11471.680822753906
2008-11-11,8036.8798828125,7117.0,7727.02001953125,7117.0,803512.0,7117.0,6640.5939453125,6551.751281738281,6257.147021484375,7702.172965494791,8655.734212239584,9326.655021158855,11416.810819498698
2008-11-12,7455.89990234375,6845.8701171875,6981.43017578125,6884.60009765625,231883.0,6884.60009765625,6648.33994140625,6689.7337646484375,6473.07705078125,7563.706315104167,8577.409765625,9232.406689453124,11351.934985351563
2008-11-13,6477.919921875,6003.4501953125,6390.77001953125,6245.52978515625,132601.0,6245.52978515625,6733.54990234375,6647.3712158203125,6554.414013671875,7407.163981119792,8491.339312065973,9130.735522460938,11283.346903483072
2008-11-14,7165.41015625,6584.43017578125,7165.41015625,6719.990234375,144465.0,6719.990234375,6828.4419921875,6631.63623046875,6648.339013671875,7277.733642578125,8412.583539496527,9037.778686523438,11222.34432373047
2008-11-17,6923.33984375,6390.77001953125,6516.64990234375,6778.08984375,159438.0,6778.08984375,6749.0419921875,6623.1636962890625,6667.70498046875,7177.675960286459,8328.663313802082,8945.790177408855,11161.018404134114
2008-11-18,7794.81005859375,7271.919921875,7601.14990234375,7794.81005859375,897305.0,7794.81005859375,6884.60400390625,6870.0799560546875,6762.598974609375,7108.281282552083,8254.427973090278,8878.817008463542,11111.796818033854
2008-11-19,8075.60986328125,6991.1201171875,8027.2001953125,7165.41015625,894410.0,7165.41015625,6940.766015625,6985.065002441406,6794.552978515625,7042.114290364583,8198.912196180556,8796.512174479167,11056.926904296875
2008-11-20,8240.2197265625,7436.5400390625,7455.89990234375,8240.2197265625,1849943.0,8240.2197265625,7339.70400390625,7118.206237792969,7036.626953125,7019.843294270833,8155.014865451389,8732.120833333332,11009.399568684896
2008-11-21,9469.9599609375,8065.93017578125,8211.169921875,8395.150390625,3110286.0,8395.150390625,7674.73603515625,7277.975036621094,7251.589013671875,7025.330305989583,8123.1686414930555,8662.241666666667,10959.1283203125
2008-11-24,9653.9404296875,8656.58984375,8666.26953125,9653.9404296875,2371924.0,9653.9404296875,8249.90615234375,7624.142578125,7499.474072265625,7054.379329427084,8110.687326388889,8627.060677083333,10920.1544921875
2008-11-25,11087.0,9925.0595703125,10021.900390625,11087.0,2614985.0,11087.0,8908.344140625,8229.326354980469,7896.474072265625,7111.508333333333,8104.231770833333,8618.990673828124,10893.9294921875
2008-11-26,12442.599609375,10699.7001953125,11910.099609375,11377.5,3529485.0,11377.5,9750.762109375,8811.515075683594,8345.7640625,7169.928678385417,8112.838433159723,8642.390999348958,10869.318660481771
2008-11-27,13072.0,10844.900390625,11668.0,13072.0,4393746.0,13072.0,10717.1181640625,9598.253845214844,9028.411083984374,7332.924348958333,8158.025108506945,8708.880338541667,10855.196997070312
2008-11-28,14572.900390625,11280.7001953125,13362.5,11280.7001953125,5208238.0,11280.7001953125,11294.228125,10033.990112304688,9484.482080078125,7440.729020182292,8166.631770833334,8737.4455078125,10826.552001953125
2008-12-01,12442.599609375,11280.7001953125,11619.599609375,11910.099609375,2131158.0,11910.099609375,11745.4599609375,10627.076293945312,9997.683056640624,7567.254345703125,8193.529535590278,8771.336328125,10799.117000325521
2008-12-02,12733.099609375,10554.5,11232.2998046875,10990.2001953125,2895053.0,10990.2001953125,11726.1,10970.823852539062,10317.2220703125,7660.856689453125,8192.453993055555,8785.054671223957,10765.630338541667
2008-12-03,11958.5,10748.099609375,11474.2998046875,10990.2001953125,1619523.0,10990.2001953125,11648.6400390625,11295.205078125,10699.70107421875,7769.952034505209,8191.378450520833,8794.738004557292,10726.898673502605
2008-12-04,12636.2998046875,11183.900390625,11474.2998046875,11522.7998046875,2970335.0,11522.7998046875,11338.8,11528.8125,11027.95908203125,7935.209700520833,8204.289561631944,8818.139664713543,10695.429508463541
2008-12-05,13217.2998046875,11813.2001953125,11910.099609375,13217.2998046875,2421702.0,13217.2998046875,11726.119921875,11795.099975585938,11510.1740234375,8189.550358072916,8262.387326388889,8867.361328125,10679.694506835938
2008-12-08,14960.2001953125,13362.5,13846.7001953125,14718.099609375,2700393.0,14718.099609375,12287.719921875,12212.674926757812,12016.58994140625,8521.675341796876,8372.126866319444,8936.754654947918,10680.501171875
2008-12-09,15153.900390625,13120.400390625,14718.099609375,13362.5,2360365.0,13362.5,12762.1798828125,12248.987426757812,12244.13994140625,8799.253678385418,8449.590190972222,8973.872981770834,10674.045336914063
2008-12-10,14137.2001953125,13362.5,13653.0,13895.099609375,1441080.0,13895.099609375,13343.159765625,12575.787353515625,12495.89990234375,9104.913671875,8555.027517361112,9044.397639973959,10672.02783203125
2008-12-11,14234.0,12878.400390625,13846.7001953125,13120.400390625,1391296.0,13120.400390625,13662.6798828125,12727.074951171875,12500.73994140625,9361.188346354167,8648.628645833332,9092.810986328124,10663.151171875
2008-12-12,14572.900390625,12878.400390625,13023.599609375,13362.5,2058091.0,13362.5,13691.719921875,13023.612426757812,12708.919921875,9613.913671875,8762.672200520834,9151.715478515625,10659.923673502604
2008-12-15,14282.400390625,13556.2001953125,13846.7001953125,13895.099609375,1071857.0,13895.099609375,13527.119921875,13386.724853515625,12907.419921875,9857.602652994792,8876.286197916666,9213.040478515624,10659.923673502604
2008-12-16,14234.0,13217.2998046875,13943.5,13507.7998046875,1245913.0,13507.7998046875,13556.1798828125,13634.849853515625,13159.1798828125,10079.666975911457,8968.167751736111,9248.545475260416,10655.486173502604
2008-12-17,15250.7001953125,13265.7001953125,13749.7998046875,13410.900390625,3733666.0,13410.900390625,13459.3400390625,13659.049926757812,13401.24990234375,10298.501318359375,9052.301323784723,9288.890478515625,10649.837841796874
2008-12-18,13701.400390625,12394.2001953125,13556.2001953125,12975.2001953125,1283646.0,12975.2001953125,13430.3,13441.1875,13546.48994140625,10537.025325520834,9158.813997395833,9321.167154947916,10640.96201171875
2008-12-19,13701.400390625,12733.099609375,12975.2001953125,12878.400390625,886226.0,12878.400390625,13333.480078125,13380.675048828125,13512.6,10758.121012369791,9266.188226996528,9354.25048828125,10635.313680013021
2008-12-22,13410.900390625,12781.5,13072.0,13023.599609375,805673.0,13023.599609375,13159.180078125,13271.737548828125,13343.15,10953.071337890626,9375.282888454862,9392.982145182292,10639.751180013021
2008-12-23,14379.2001953125,11619.599609375,13556.2001953125,11619.599609375,2348193.0,11619.599609375,12781.5400390625,13084.137451171875,13168.8599609375,11103.157991536458,9451.671104600695,9402.665478515624,10637.330346679688
2008-12-24,12103.7001953125,10457.599609375,11910.099609375,10796.5,864258.0,10796.5,12258.6599609375,12763.387451171875,12859.0,11233.554654947917,9520.096885850695,9398.630485026042,10628.453678385416
2008-12-26,12200.599609375,10699.7001953125,11813.2001953125,10941.7998046875,1301920.0,10941.7998046875,11851.9798828125,12394.224975585938,12641.13994140625,11390.096988932291,9617.357552083333,9398.630485026042,10620.787841796875
2008-12-29,10651.2998046875,9973.48046875,10651.2998046875,10457.599609375,488380.0,10457.599609375,11367.8197265625,12012.949951171875,12350.64990234375,11514.683968098958,9725.591319444444,9396.208805338541,10611.104508463543
2008-12-30,11377.5,10409.2001953125,10651.2998046875,10941.7998046875,562295.0,10941.7998046875,10951.459765625,11704.312377929688,12055.319921875,11653.474300130209,9863.090201822917,9415.575130208334,10601.825341796875
2009-01-02,11425.900390625,10796.5,11038.599609375,11183.900390625,447627.0,11183.900390625,10864.319921875,11480.39990234375,11822.92998046875,11766.443977864583,9999.7291015625,9437.362630208334,10594.563680013021
2009-01-05,11522.7998046875,11038.599609375,11377.5,11377.5,448060.0,11377.5,10980.519921875,11292.787353515625,11619.58994140625,11906.84697265625,10147.555772569445,9474.480631510416,10588.915348307291
2009-01-06,11813.2001953125,11280.7001953125,11425.900390625,11522.7998046875,635271.0,11522.7998046875,11096.719921875,11105.187377929688,11474.34990234375,12016.26630859375,10282.9033203125,9518.054801432292,10583.267016601563
2009-01-07,11958.5,11377.5,11522.7998046875,11522.7998046875,681355.0,11522.7998046875,11309.7599609375,11093.08740234375,11338.78984375,12120.5212890625,10410.504644097222,9572.925797526043,10577.618684895833
2009-01-08,12103.7001953125,11183.900390625,11377.5,11474.2998046875,814103.0,11474.2998046875,11416.2599609375,11177.812377929688,11183.85986328125,12181.199934895832,10519.168413628473,9617.789632161459,10568.338680013021
2009-01-09,12345.7998046875,11619.599609375,12152.2001953125,11619.599609375,1040785.0,11619.599609375,11503.3998046875,11262.537353515625,11183.85986328125,12198.953255208333,10625.251291232638,9655.230794270834,10557.042008463543
2009-01-12,11522.7998046875,10748.099609375,11474.2998046875,10748.099609375,361364.0,10748.099609375,11377.5197265625,11298.849853515625,11179.01982421875,12177.9732421875,10711.967502170139,9673.950960286458,10534.044506835937
2009-01-13,11183.900390625,10457.599609375,10893.400390625,11135.400390625,352189.0,11135.400390625,11300.03984375,11323.049926757812,11198.3798828125,12113.419921875,10830.099066840277,9723.172135416668,10514.27451171875
2009-01-14,12781.5,10941.7998046875,11038.599609375,12781.5,1354681.0,12781.5,11551.7798828125,11522.749877929688,11430.769921875,12163.44658203125,10975.34284939236,9802.08780110677,10508.625341796875
2009-01-15,13217.2998046875,10893.400390625,12781.5,10941.7998046875,2761765.0,10941.7998046875,11445.2798828125,11468.287353515625,11430.769921875,12131.169921875,11059.047515190972,9849.212133789062,10483.611173502604
2009-01-16,12491.099609375,11135.400390625,11474.2998046875,12152.2001953125,1648566.0,12152.2001953125,11551.8,11546.96240234375,11527.59990234375,12169.903255208334,11170.940852864584,9915.37997233073,10466.262841796875
2009-01-19,12781.5,11958.5,12491.099609375,12345.7998046875,810626.0,12345.7998046875,11871.3400390625,11649.83740234375,11624.4298828125,12215.089908854166,11292.300846354166,9992.520971679687,10454.158675130207
2009-01-20,12297.400390625,11232.2998046875,12152.2001953125,11522.7998046875,818427.0,11522.7998046875,11948.819921875,11655.89990234375,11624.4298828125,12215.089908854166,11409.573513454861,10075.1498046875,10418.251171875
2009-01-21,11329.099609375,10699.7001953125,10699.7001953125,11038.599609375,375999.0,11038.599609375,11600.23984375,11583.27490234375,11576.00986328125,12142.466569010418,11505.542610677083,10166.008463541666,10389.202001953125
2009-01-22,11764.7998046875,11232.2998046875,11377.5,11377.5,390173.0,11377.5,11687.3798828125,11661.949951171875,11566.3298828125,12031.113248697917,11607.751725260418,10276.394295247395,10368.222005208334
2009-01-23,12006.900390625,11135.400390625,11232.2998046875,11571.2001953125,871041.0,11571.2001953125,11571.1798828125,11716.424926757812,11561.48994140625,11971.403255208334,11691.671506076389,10385.328466796875,10360.556176757813
2009-01-28,12491.099609375,11716.400390625,12249.0,11861.7001953125,762123.0,11861.7001953125,11474.3599609375,11601.449951171875,11672.85,11903.623274739582,11796.033506944445,10504.268473307291,10354.907845052083
2009-01-29,12975.2001953125,11716.400390625,12006.900390625,12297.400390625,1480042.0,12297.400390625,11629.280078125,11770.900024414062,11789.05,11876.18994140625,11886.193077256945,10618.689143880209,10354.907845052083
2009-01-30,12781.5,12006.900390625,12636.2998046875,12103.7001953125,1020293.0,12103.7001953125,11842.3001953125,11764.837524414062,11721.27001953125,11834.229947916667,11968.605295138888,10724.071809895833,10357.328678385416
2009-02-02,12345.7998046875,11474.2998046875,11958.5,11668.0,455204.0,11668.0,11900.4001953125,11680.112548828125,11793.8900390625,11759.993294270833,12013.362174479167,10808.797973632812,10352.083675130209
2009-02-03,12103.7001953125,11668.0,11764.7998046875,12103.7001953125,411235.0,12103.7001953125,12006.9001953125,11752.72509765625,11789.0400390625,11713.189973958333,12035.955512152777,10896.428474934895,10352.083675130209
2009-02-04,13895.099609375,12006.900390625,12249.0,13265.7001953125,2778533.0,13265.7001953125,12287.7001953125,12031.112670898438,11881.030078125,11708.349967447917,12077.915516493056,11003.425642903645,10361.362841796876
2009-02-05,14379.2001953125,12297.400390625,13265.7001953125,12878.400390625,2731714.0,12878.400390625,12403.9001953125,12218.725219726562,12016.59013671875,11705.123307291668,12073.61330295139,11121.07431640625,10364.994514973958
2009-02-06,13072.0,11910.099609375,12684.7001953125,12103.7001953125,1184244.0,12103.7001953125,12403.9001953125,12285.287719726562,12123.1001953125,11679.299967447916,12091.902191840278,11218.710489908854,10363.380346679687
2009-02-09,12587.900390625,12103.7001953125,12249.0,12491.099609375,441178.0,12491.099609375,12568.5201171875,12363.962646484375,12234.46015625,11661.549967447916,12104.813302951388,11307.31065266927,10362.573673502604
2009-02-10,12830.0,12345.7998046875,12684.7001953125,12587.900390625,426296.0,12587.900390625,12665.36015625,12400.275146484375,12336.13017578125,11693.82666015625,12140.317751736111,11398.492325846355,10362.573673502604
2009-02-11,12636.2998046875,11958.5,12103.7001953125,12394.2001953125,236890.0,12394.2001953125,12491.06015625,12436.587646484375,12389.38017578125,11747.083333333334,12171.517751736112,11490.318994140625,10361.362841796876
2009-02-12,13314.099609375,12733.099609375,13072.0,13168.900390625,955504.0,13168.900390625,12549.16015625,12624.2001953125,12476.53017578125,11821.32001953125,12208.097764756945,11605.70850423177,10368.222013346354
2009-02-13,14669.7001953125,13072.0,13362.5,13846.7001953125,2305619.0,13846.7001953125,12897.76015625,12842.0751953125,12650.83017578125,11934.2900390625,12222.084440104167,11724.487003580729,10381.132845052083
2009-02-16,14427.7001953125,13410.900390625,13749.7998046875,13410.900390625,931299.0,13410.900390625,13081.7203125,12860.225219726562,12825.12021484375,12016.593391927083,12193.03556857639,11835.033846028646,10390.41201171875
2009-02-17,13798.2998046875,12684.7001953125,13798.2998046875,12684.7001953125,817976.0,12684.7001953125,13101.0802734375,12836.0126953125,12883.22021484375,12066.620052083334,12177.973350694445,11916.532014973958,10397.67451171875
2009-02-18,14282.400390625,12152.2001953125,12491.099609375,13943.5,1513960.0,13943.5,13410.940234375,13065.987670898438,12951.0001953125,12152.153385416666,12179.048914930556,12029.500179036459,10413.006176757812
2009-02-19,14669.7001953125,12394.2001953125,14040.2998046875,12394.2001953125,1322501.0,12394.2001953125,13256.0001953125,13053.875244140625,12902.58017578125,12181.200065104167,12162.9111328125,12098.733186848958,10415.427010091145
2009-02-20,12830.0,11087.0,12297.400390625,11474.2998046875,627518.0,11474.2998046875,12781.5201171875,12914.675170898438,12839.64013671875,12179.5833984375,12120.951128472223,12150.05234375,10406.147005208333
2009-02-23,12055.2998046875,11522.7998046875,11619.599609375,12006.900390625,308857.0,12006.900390625,12500.7201171875,12866.2626953125,12791.22021484375,12197.336751302084,12078.991145833334,12189.268343098958,10408.164510091146
2009-02-24,11764.7998046875,11087.0,11522.7998046875,11377.5,331983.0,11377.5,12239.280078125,12642.337646484375,12670.18017578125,12189.266764322916,12031.651150173611,12194.110009765625,10406.550341796876
2009-02-25,12152.2001953125,10651.2998046875,11764.7998046875,10651.2998046875,608009.0,10651.2998046875,11580.8400390625,12242.91259765625,12495.89013671875,12186.040104166666,11970.326692708333,12182.006673177084,10412.19883626302
2009-02-26,11232.2998046875,10070.2998046875,10941.7998046875,10457.599609375,361111.0,10457.599609375,11193.519921875,11873.75,12224.76005859375,12163.446744791667,11914.380013020833,12138.433333333332,10423.6568359375
2009-02-27,10893.400390625,10457.599609375,10651.2998046875,10699.7001953125,162294.0,10699.7001953125,11038.6,11625.625,11910.06005859375,12094.05341796875,11865.964453125,12128.75,10433.09775390625
2009-03-02,10651.2998046875,9779.8203125,10554.5,9779.8203125,264156.0,9779.8203125,10593.183984375,11105.1650390625,11546.95205078125,12055.320768229167,11793.88046875,12093.245345052082,10432.290836588541
2009-03-03,10264.0,8898.669921875,9295.669921875,10070.2998046875,520598.0,10070.2998046875,10331.7439453125,10814.677490234375,11285.51201171875,11985.924088541668,11759.45158420139,12077.913671875,10431.484171549479
2009-03-04,10748.099609375,9876.650390625,10021.900390625,10506.0,359705.0,10506.0,10302.683984375,10693.640014648438,10941.76201171875,11924.597428385418,11752.996028645834,12069.843668619791,10432.290836588541
2009-03-05,10941.7998046875,10215.599609375,10602.900390625,10409.2001953125,243860.0,10409.2001953125,10293.0041015625,10493.927490234375,10743.26201171875,11887.47744140625,11741.160481770834,12051.283675130207,10434.711669921875
2009-03-06,10699.7001953125,9973.48046875,10070.2998046875,10457.599609375,249440.0,10457.599609375,10244.583984375,10378.93994140625,10641.5919921875,11868.110774739584,11741.160481770834,12005.288671875,10436.325
2009-03-09,12006.900390625,11668.0,11764.7998046875,12006.900390625,262084.0,12006.900390625,10690.0,10548.390014648438,10641.5919921875,11889.090787760417,11764.829383680555,11960.102018229167,10448.428336588542
2009-03-10,13459.400390625,12006.900390625,12249.0,12200.599609375,1627774.0,12200.599609375,11116.0599609375,10766.265014648438,10723.901953125,11910.070768229167,11787.422699652778,11940.73701171875,10457.304996744791
2009-03-11,13991.900390625,12249.0,12733.099609375,13991.900390625,1135550.0,13991.900390625,11813.2400390625,11177.7900390625,11057.96201171875,11981.07744140625,11845.52048611111,11942.350358072918,10493.373999023437
2009-03-12,16073.7998046875,13895.099609375,14330.7998046875,15492.7998046875,3452452.0,15492.7998046875,12829.9599609375,11891.912475585938,11561.48203125,12087.590755208334,11933.742708333333,11981.890348307292,10537.350667317709
2009-03-13,16509.5,15008.599609375,15734.900390625,15492.7998046875,2243333.0,15492.7998046875,13837.0,12569.724975585938,12040.7919921875,12200.5607421875,12021.964930555556,12017.395345052084,10584.555411783855
2009-03-16,16461.099609375,14524.5,15589.599609375,14524.5,2406295.0,14524.5,14340.519921875,13072.037475585938,12515.2599609375,12295.777408854166,12089.747157118056,12027.8853515625,10620.462915039063
2009-03-17,15541.2001953125,14379.2001953125,14718.099609375,15541.2001953125,1312386.0,15541.2001953125,15008.6400390625,13713.537475585938,13062.35,12410.3607421875,12176.893836805555,12061.775358072917,10655.160416666668
2009-03-18,17623.0,15541.2001953125,15976.900390625,16654.69921875,2757884.0,16654.69921875,15541.1998046875,14488.174926757812,13677.219921875,12523.327376302082,12308.151605902778,12115.838671875,10702.364575195312
2009-03-19,16848.400390625,15831.7001953125,16848.400390625,15928.5,961105.0,15928.5,15628.33984375,14978.374877929688,14229.14990234375,12624.99736328125,12414.664930555555,12165.060335286458,10743.113745117187
2009-03-20,16364.2998046875,15444.400390625,16170.599609375,15831.7001953125,544271.0,15831.7001953125,15696.119921875,15432.262451171875,14766.5599609375,12749.264029947917,12482.447157118055,12214.281998697918,10784.266243489583
2009-03-23,16461.099609375,15976.900390625,16025.2998046875,16267.400390625,94239.0,16267.400390625,16044.7,15716.699951171875,15192.6099609375,12875.14072265625,12600.793836805555,12268.345345052083,10830.663745117188
2009-03-24,17332.5,15589.599609375,16509.5,15589.599609375,957391.0,15589.599609375,16054.3798828125,15728.799926757812,15531.5099609375,12975.19736328125,12677.180490451388,12334.51201171875,10868.588745117188
2009-03-25,16945.19921875,15444.400390625,15589.599609375,16945.19921875,872274.0,16945.19921875,16112.4798828125,15910.349853515625,15826.83984375,13126.897330729167,12779.389366319445,12436.99033203125,10917.810408528645
2009-03-26,17865.099609375,16751.599609375,17332.5,17138.900390625,891268.0,17138.900390625,16354.5599609375,16237.14990234375,15991.44990234375,13259.2306640625,12904.1916015625,12540.275341796874,10969.452913411458
2009-03-27,19075.5,17381.0,17526.19921875,18058.80078125,1988774.0,18058.80078125,16799.980078125,16551.849975585938,16248.05,13399.634016927082,13060.196072048611,12666.962027994792,11031.585416666667
2009-03-30,18252.400390625,16557.900390625,17913.5,16557.900390625,856891.0,16557.900390625,16858.080078125,16539.750122070312,16451.3900390625,13504.534016927084,13175.316080729166,12760.563704427082,11088.069417317709
2009-03-31,18155.599609375,16800.0,16848.400390625,18107.19921875,707100.0,18107.19921875,17361.6,16812.087524414062,16707.98994140625,13685.283984375,13320.560503472223,12875.952018229167,11156.65732421875
2009-04-01,18591.30078125,17768.30078125,18107.19921875,18591.30078125,740915.0,18591.30078125,17690.8203125,17157.03759765625,16901.65009765625,13840.210677083332,13470.107183159722,12996.18203125,11235.331331380208
2009-04-02,19462.80078125,18155.599609375,18688.19921875,18300.80078125,949732.0,18300.80078125,17923.200390625,17411.212646484375,17138.88017578125,14037.09736328125,13603.516080729167,13109.148714192708,11313.6017578125
2009-04-03,18785.0,17719.900390625,18591.30078125,18155.599609375,766326.0,18155.599609375,17942.56015625,17731.962646484375,17371.2701171875,14259.807356770832,13738.002734375,13219.695377604166,11396.310587565104
2009-04-06,20866.80078125,18446.099609375,18688.19921875,20866.80078125,1729296.0,20866.80078125,18804.340234375,18222.162841796875,17831.21015625,14555.137369791666,13942.420529513889,13376.237060546875,11497.013346354166
2009-04-07,23723.30078125,19850.099609375,20963.69921875,20479.5,4190760.0,20479.5,19278.800390625,18639.73779296875,18320.2001953125,14858.537369791668,14128.5494140625,13523.902067057292,11589.566430664063
2009-04-08,21932.0,19947.0,20189.0,20818.400390625,1443948.0,20818.400390625,19724.2203125,18984.687744140625,18707.5203125,15197.44072265625,14296.387196180556,13691.740413411459,11682.845686848957
2009-04-09,22028.80078125,20431.099609375,21641.5,21012.099609375,837601.0,21012.099609375,20266.480078125,19541.462646484375,19094.840234375,15549.257389322916,14477.136067708334,13856.352067057293,11789.76210123698
2009-04-10,23384.400390625,20576.400390625,21302.599609375,21689.900390625,1550882.0,21689.900390625,20973.340234375,19989.30029296875,19457.9501953125,15915.597395833332,14690.162738715278,14004.825406901042,11903.456604003906
2009-04-13,22174.0,20963.69921875,22028.80078125,21399.400390625,784599.0,21399.400390625,21079.86015625,20340.312744140625,19942.1001953125,16302.916731770832,14888.12497829861,14179.11875,12014.16544189453
2009-04-14,24401.099609375,20963.69921875,21641.5,22561.400390625,2186107.0,22561.400390625,21496.240234375,20872.8876953125,20387.5203125,16719.286751302083,15109.758311631944,14352.605419921874,12133.992696126303
2009-04-15,24062.19921875,19850.099609375,22270.900390625,21157.30078125,1200573.0,21157.30078125,21564.0203125,21248.100341796875,20644.1203125,17074.330110677085,15304.493880208332,14499.46376953125,12245.992370605469
2009-04-16,21544.69921875,18591.30078125,21399.400390625,18688.19921875,877989.0,18688.19921875,21099.240234375,20975.775146484375,20682.86015625,17350.296744791667,15427.144965277777,14618.887093098958,12347.01844889323
2009-04-17,19027.099609375,16654.69921875,18833.400390625,18107.19921875,1283182.0,18107.19921875,20382.7,20679.237548828125,20678.0201171875,17605.2833984375,15521.822721354167,14736.697086588541,12451.352775065105
2009-04-20,20140.599609375,17913.5,18252.400390625,19608.099609375,1037116.0,19608.099609375,20024.43984375,20527.949951171875,20552.15,17858.656705729165,15659.538259548612,14873.873746744792,12575.134020996094
2009-04-21,19704.900390625,18494.5,18881.80078125,18881.80078125,695344.0,18881.80078125,19288.519921875,20261.66259765625,20392.380078125,18081.363411458333,15797.251605902778,14995.71708984375,12690.522778320312
2009-04-22,20721.599609375,18978.69921875,19366.0,19753.30078125,792955.0,19753.30078125,19007.719921875,20019.587646484375,20285.8701171875,18273.410091145834,15926.358289930555,15127.243766276042,12815.756119791668
2009-04-23,21302.599609375,19753.30078125,20285.900390625,20866.80078125,930244.0,20866.80078125,19443.440234375,19953.0126953125,20271.340234375,18452.54345703125,16114.638302951389,15270.067106119792,12944.378125
2009-04-24,22609.80078125,20382.69921875,20963.69921875,21496.19921875,1349887.0,21496.19921875,20121.240234375,19819.862548828125,20251.9701171875,18652.656770833335,16337.347178819444,15426.608756510417,13075.340283203124
2009-04-27,22319.30078125,21012.099609375,21544.69921875,21108.900390625,1059290.0,21108.900390625,20421.400390625,19813.8125,20222.9201171875,18872.136783854166,16539.61384548611,15583.957096354166,13196.37753499349
2009-04-28,21351.0,17961.900390625,21205.69921875,17961.900390625,978460.0,17961.900390625,20237.4203125,19723.025146484375,19762.9701171875,18952.826790364583,16685.933854166666,15681.593766276043,13289.011120605468
2009-04-29,19366.0,16848.400390625,18300.80078125,19366.0,802171.0,19366.0,20159.96015625,19880.375244140625,19583.8400390625,19043.203483072917,16879.593858506945,15783.2654296875,13393.345536295574
2009-04-30,20189.0,18397.69921875,19850.099609375,18494.5,764616.0,18494.5,19685.5,19741.17529296875,19564.4701171875,19128.73681640625,17058.191644965278,15876.86708984375,13498.970703125
2009-05-04,18688.19921875,18010.400390625,18349.30078125,18107.19921875,225920.0,18107.19921875,19007.7,19644.35009765625,19564.4701171875,19204.586783854167,17222.802734375,15976.925406901042,13597.817948404949
2009-05-06,18688.19921875,18010.400390625,18107.19921875,18446.099609375,230983.0,18446.099609375,18475.13984375,19480.949951171875,19448.2701171875,19277.210091145833,17415.38671875,16076.175406901042,13691.743029785157
2009-05-07,18542.900390625,17719.900390625,18542.900390625,17865.099609375,215855.0,17865.099609375,18455.7796875,19105.7373046875,19346.6,19353.060091145835,17588.6044921875,16164.128727213541,13781.310526529947
2009-05-08,18688.19921875,17768.30078125,17961.900390625,18349.30078125,309725.0,18349.30078125,18252.43984375,18712.375,19206.2,19399.8634765625,17762.900065104168,16263.380403645833,13876.84969889323
2009-05-11,18591.30078125,18107.19921875,18446.099609375,18107.19921875,172896.0,18107.19921875,18174.9796875,18337.162353515625,18930.23984375,19432.140104166665,17933.966710069446,16345.685384114584,13975.696944173176
2009-05-12,18494.5,17429.400390625,17913.5,17526.19921875,242176.0,17526.19921875,18058.7796875,18282.69970703125,18533.23984375,19414.38671875,18091.04670138889,16407.010367838542,14065.748685709636
2009-05-13,17719.900390625,16751.599609375,17574.599609375,17235.69921875,258798.0,17235.69921875,17816.699609375,18016.412109375,18145.9197265625,19436.980013020835,18207.24223090278,16470.75701497396,14152.895430501301
2009-05-14,18058.80078125,16993.599609375,17187.30078125,17138.900390625,319165.0,17138.900390625,17671.459765625,17846.962158203125,18063.6197265625,19404.703385416666,18316.98224826389,16544.993684895835,14230.762849934896
2009-05-15,18058.80078125,17187.30078125,17477.80078125,17961.900390625,280766.0,17961.900390625,17593.9796875,17828.7998046875,17923.209765625,19383.723372395834,18405.20447048611,16611.967024739584,14320.733601888021
2009-05-18,18349.30078125,17671.5,18252.400390625,17816.69921875,174976.0,17816.69921875,17535.8796875,17750.124755859375,17855.4296875,19367.586653645834,18456.8466796875,16702.34200846354,14400.53759765625
2009-05-19,18107.19921875,17477.80078125,18107.19921875,17623.0,166263.0,17623.0,17555.23984375,17719.8623046875,17807.009765625,19349.833333333332,18504.184461805555,16804.820345052085,14477.436344401041
2009-05-20,18542.900390625,17719.900390625,17816.69921875,18446.099609375,414310.0,18446.099609375,17797.319921875,17731.962158203125,17807.009765625,19269.143294270834,18591.331119791666,16912.14033203125,14550.704337565105
2009-05-21,18833.400390625,17719.900390625,18446.099609375,18010.400390625,449913.0,18010.400390625,17971.619921875,17719.8623046875,17821.53984375,19186.839973958333,18646.202235243054,17022.688671875,14608.399340820313
2009-05-22,17913.5,16848.400390625,17913.5,16945.19921875,200158.0,16945.19921875,17768.2796875,17647.2373046875,17681.1296875,19057.733268229167,18652.65779079861,17127.586995442707,14654.796834309896
2009-05-25,17138.900390625,14427.7001953125,16751.599609375,15492.7998046875,437551.0,15492.7998046875,17303.4998046875,17429.374877929688,17419.68974609375,18873.756608072916,18642.975564236112,17211.506998697918,14674.970166015624
2009-05-26,16219.0,15057.0,15638.0,15589.599609375,289253.0,15589.599609375,16896.8197265625,17235.712280273438,17226.02978515625,18670.413248697918,18637.59555121528,17293.005322265624,14710.877661132812
2009-05-27,15928.5,14282.400390625,15831.7001953125,14427.7001953125,203953.0,14427.7001953125,16093.13984375,16793.937255859375,16945.2298828125,18438.0232421875,18596.713324652777,17370.469986979166,14731.857666015625
2009-05-28,15347.5,13943.5,14234.0,15347.5,266856.0,15347.5,15560.559765625,16485.287353515625,16766.08984375,18197.559895833332,18591.333333333332,17458.42332356771,14768.168497721354
2009-05-29,15541.2001953125,14621.2998046875,15492.7998046875,14911.7998046875,146619.0,14911.7998046875,15153.8798828125,16146.387329101562,16461.07978515625,17989.376529947916,18546.1466796875,17531.8533203125,14800.848494466145
2009-06-01,16315.7998046875,14911.7998046875,15057.0,15638.0,276041.0,15638.0,15182.919921875,15795.374877929688,16243.20986328125,17887.70322265625,18512.79333767361,17618.99998372396,14835.141829427082
2009-06-02,16315.7998046875,15396.0,15783.2998046875,16025.2998046875,361911.0,16025.2998046875,15270.0599609375,15547.2373046875,16083.43984375,17818.306575520834,18467.604427083334,17711.794986979166,14858.541829427084
2009-06-03,16800.0,15976.900390625,16364.2998046875,16461.099609375,280719.0,16461.099609375,15676.73984375,15486.724853515625,15884.93984375,17713.406575520832,18465.45329861111,17786.031640625,14873.066829427084
2009-06-04,16557.900390625,15492.7998046875,16461.099609375,15492.7998046875,173972.0,15492.7998046875,15705.7998046875,15486.724853515625,15633.17978515625,17600.439876302084,18407.355533854166,17840.90164388021,14890.81932779948
2009-06-05,15880.099609375,14911.7998046875,15880.099609375,15202.2998046875,112740.0,15202.2998046875,15763.8998046875,15438.312377929688,15458.88984375,17448.73984375,18332.044401041665,17861.074967447916,14901.712662760418
2009-06-08,15541.2001953125,15105.5,15492.7998046875,15202.2998046875,72193.0,15202.2998046875,15676.759765625,15535.137329101562,15429.83984375,17259.92314453125,18263.188823784723,17856.23330078125,14919.061824544271
2009-06-09,15299.099609375,14040.2998046875,15153.900390625,14282.400390625,139201.0,14282.400390625,15328.1798828125,15401.999877929688,15299.119921875,17019.46318359375,18177.117730034723,17836.059977213543,14926.727661132812
2009-06-10,15589.599609375,14476.099609375,14572.900390625,15202.2998046875,340492.0,15202.2998046875,15076.419921875,15438.312377929688,15376.5798828125,16822.576497395832,18051.239930555555,17847.356640625,14937.62099609375
2009-06-11,15541.2001953125,14718.099609375,15492.7998046875,15250.7001953125,151455.0,15250.7001953125,15028.0,15389.89990234375,15366.89990234375,16732.203157552085,17935.044379340277,17842.514973958332,14952.145166015625
2009-06-12,17526.19921875,15589.599609375,15686.400390625,17526.19921875,1031098.0,17526.19921875,15492.7798828125,15577.512329101562,15628.33984375,16670.87646484375,17861.88435329861,17857.039973958334,14986.439322916667
2009-06-15,17719.900390625,16461.099609375,17042.099609375,17090.5,1066603.0,17090.5,15870.419921875,15656.187377929688,15773.58984375,16624.07646484375,17774.7376953125,17876.406640625,15020.73348795573
2009-06-16,18494.5,17042.099609375,17138.900390625,17526.19921875,1187538.0,17526.19921875,16519.1796875,15910.3623046875,15923.67978515625,16604.709798177082,17682.211002604166,17904.648291015626,15059.465144856771
2009-06-17,17381.0,16412.69921875,17235.69921875,16509.5,410206.0,16509.5,16780.6197265625,16073.762329101562,15928.51982421875,16540.156477864584,17573.546549479168,17908.68328450521,15088.514314778646
2009-06-18,17816.69921875,16654.69921875,16800.0,17042.099609375,607741.0,17042.099609375,17138.899609375,16303.7373046875,16083.4498046875,16512.72314453125,17450.895421006946,17932.89161783854,15133.701814778646
2009-06-19,17235.69921875,16170.599609375,17090.5,16848.400390625,260201.0,16848.400390625,17003.33984375,16624.4873046875,16248.05986328125,16462.693131510416,17355.142078993056,17931.27830403646,15184.134318033854
2009-06-22,17865.099609375,16896.80078125,17042.099609375,17332.5,578430.0,17332.5,17051.73984375,16890.762329101562,16461.0798828125,16436.86982421875,17325.0154296875,17934.504964192707,15237.390152994793
2009-06-23,17235.69921875,16073.7998046875,16896.80078125,16364.2998046875,304409.0,16364.2998046875,16819.3599609375,17029.962280273438,16669.26982421875,16398.13984375,17286.28433159722,17906.26328125,15286.612654622395
2009-06-24,17768.30078125,16219.0,16654.69921875,17429.400390625,545344.0,17429.400390625,17003.3400390625,17017.862426757812,16891.9798828125,16404.596549479167,17237.868793402777,17920.78828125,15340.675992838542
2009-06-25,18446.099609375,17381.0,17574.599609375,18155.599609375,594468.0,18155.599609375,17226.0400390625,17150.999877929688,17182.46982421875,16438.4865234375,17221.730989583335,17921.594954427084,15398.773486328126
2009-06-26,18978.69921875,18010.400390625,18591.30078125,18107.19921875,425457.0,18107.19921875,17477.7998046875,17223.624877929688,17240.56982421875,16443.329817708334,17185.15095486111,17913.526595052084,15454.854313151041
2009-06-29,18785.0,16945.19921875,18300.80078125,17381.0,409972.0,17381.0,17487.4998046875,17332.562377929688,17269.61982421875,16428.806510416667,17107.688715277778,17898.19658203125,15503.672648111979
2009-06-30,17671.5,15444.400390625,17574.599609375,16315.7998046875,623648.0,16315.7998046875,17477.7998046875,17241.77490234375,17148.5798828125,16385.233170572916,16992.56872829861,17867.533251953126,15543.614314778646
2009-07-01,17138.900390625,15976.900390625,16025.2998046875,16219.0,428686.0,16219.0,17235.7197265625,17163.099853515625,17119.5298828125,16310.996516927084,16883.904275173612,17790.069905598957,15583.153483072916
2009-07-02,16557.900390625,15976.900390625,16364.2998046875,16122.2001953125,213937.0,16122.2001953125,16829.03984375,17011.812377929688,17027.53994140625,16248.056510416667,16843.02204861111,17717.4482421875,15620.675154622395
2009-07-03,16751.599609375,15638.0,15638.0,16751.599609375,270048.0,16751.599609375,16557.919921875,17060.224853515625,17017.85986328125,16241.603190104166,16784.924262152777,17649.668229166666,15670.704321289062
2009-07-06,17090.5,16654.69921875,17042.099609375,16751.599609375,203471.0,16751.599609375,16432.03984375,16975.499755859375,16959.76982421875,16283.56318359375,16746.19314236111,17578.659895833334,15717.505981445312
2009-07-07,16896.80078125,16219.0,16848.400390625,16364.2998046875,283680.0,16364.2998046875,16441.73984375,16751.587280273438,16959.76982421875,16309.3865234375,16707.462044270833,17489.89988606771,15747.362646484375
2009-07-08,18446.099609375,16267.400390625,16267.400390625,17042.099609375,1895195.0,17042.099609375,16606.359765625,16618.449829101562,16921.03974609375,16396.533170572915,16676.262044270832,17417.278206380208,15798.198478190105
2009-07-09,17526.19921875,16606.30078125,17332.5,16606.30078125,346122.0,16606.30078125,16703.1798828125,16521.612426757812,16766.10986328125,16438.493196614585,16648.288736979168,17318.02654622396,15835.315983072916
2009-07-10,16800.0,15976.900390625,16800.0,16025.2998046875,253873.0,16025.2998046875,16557.919921875,16485.299926757812,16557.919921875,16475.60986328125,16596.644270833334,17232.493196614585,15865.978483072917
2009-07-13,16122.2001953125,14524.5,15880.099609375,14572.900390625,268199.0,14572.900390625,16122.180078125,16279.537475585938,16277.1099609375,16440.10654296875,16518.104296875,17163.9048828125,15891.39598795573
2009-07-14,15202.2998046875,14427.7001953125,15202.2998046875,14718.099609375,157170.0,14718.099609375,15792.9400390625,16104.02490234375,16117.33994140625,16396.533203125,16455.702083333334,17107.419889322915,15922.05848795573
2009-07-15,15589.599609375,14815.0,14960.2001953125,15444.400390625,121534.0,15444.400390625,15473.4001953125,15940.625,16039.87998046875,16362.643229166666,16415.895442708334,17038.02490234375,15955.94932454427
2009-07-16,15638.0,14815.0,15492.7998046875,14863.400390625,139284.0,14863.400390625,15124.8201171875,15704.60009765625,15914.0,16341.663248697916,16365.328776041666,16971.0515625,15983.384326171876
2009-07-17,16219.0,14766.599609375,15153.900390625,15976.900390625,287656.0,15976.900390625,15115.140234375,15656.175170898438,15836.530078125,16367.483268229167,16321.217664930555,16908.111555989584,16017.677661132813
2009-07-20,15976.900390625,15492.7998046875,15976.900390625,15783.2998046875,177094.0,15783.2998046875,15357.2201171875,15498.8251953125,15739.70009765625,16386.849934895832,16276.031011284722,16823.38653971354,16046.726822916668
2009-07-21,16606.30078125,15928.5,15976.900390625,16219.0,340530.0,16219.0,15657.4001953125,15450.41259765625,15725.1701171875,16451.403255208334,16244.831011284723,16735.433219401042,16081.02098795573
2009-07-22,16412.69921875,15928.5,16315.7998046875,16122.2001953125,129429.0,16122.2001953125,15792.96015625,15462.525146484375,15633.18017578125,16482.0666015625,16193.188802083334,16652.321549479166,16118.139322916666
2009-07-23,16751.599609375,15589.599609375,16122.2001953125,15589.599609375,426888.0,15589.599609375,15938.2,15589.612548828125,15531.51005859375,16493.363248697915,16139.393229166666,16612.783203125,16147.18848470052
2009-07-24,15831.7001953125,15299.099609375,15686.400390625,15492.7998046875,126278.0,15492.7998046875,15841.3798828125,15686.450073242188,15478.26005859375,16425.583268229166,16107.117686631944,16548.229866536458,16165.74764811198
2009-07-27,15783.2998046875,15396.0,15686.400390625,15734.900390625,100071.0,15734.900390625,15831.7,15722.762573242188,15594.46005859375,16380.396614583333,16112.497699652778,16502.23653971354,16189.551814778646
2009-07-28,16073.7998046875,15589.599609375,15638.0,15686.400390625,140651.0,15686.400390625,15725.180078125,15825.637573242188,15691.29013671875,16319.069986979166,16114.648828125,16461.889892578125,16219.407649739584
2009-07-29,16412.69921875,15734.900390625,15783.2998046875,16219.0,325113.0,16219.0,15744.5400390625,15855.900024414062,15768.75009765625,16309.386653645834,16154.45549045139,16424.771565755207,16250.473486328125
2009-07-30,16896.80078125,15976.900390625,16025.2998046875,16509.5,562575.0,16509.5,15928.5201171875,15946.675048828125,15933.36005859375,16291.633333333333,16180.277712673611,16402.17823893229,16283.153483072916
2009-07-31,16848.400390625,16073.7998046875,16557.900390625,16170.599609375,232758.0,16170.599609375,16064.080078125,15940.625,15952.72998046875,16269.039973958334,16208.251041666666,16365.866552734375,16314.623478190104
2009-08-03,16267.400390625,15831.7001953125,16219.0,16073.7998046875,110384.0,16073.7998046875,16131.8599609375,15934.574951171875,15981.77998046875,16227.08330078125,16217.935481770834,16331.9765625,16338.830973307291
2009-08-04,16654.69921875,16170.599609375,16267.400390625,16219.0,162122.0,16219.0,16238.3798828125,16013.25,15981.77998046875,16222.239973958332,16222.239930555555,16310.189908854167,16358.600138346354
2009-08-05,16896.80078125,16267.400390625,16606.30078125,16267.400390625,186048.0,16267.400390625,16248.0599609375,16110.075073242188,15996.3,16183.506640625,16217.935503472223,16294.051595052084,16382.40430501302
2009-08-06,16461.099609375,16025.2998046875,16461.099609375,16267.400390625,75284.0,16267.400390625,16199.6400390625,16176.637573242188,16064.080078125,16120.566666666668,16235.14884982639,16279.526595052082,16412.260139973958
2009-08-07,17090.5,16267.400390625,16364.2998046875,17090.5,259516.0,17090.5,16383.6201171875,16352.150024414062,16223.85009765625,16086.676692708334,16277.108854166667,16265.003255208334,16438.48513997396
2009-08-10,18155.599609375,16848.400390625,16945.19921875,17332.5,753834.0,17332.5,16635.36015625,16491.337524414062,16383.61005859375,16085.060026041667,16324.446636284722,16256.933268229166,16479.637638346354
2009-08-11,17477.80078125,16606.30078125,17138.900390625,16945.19921875,263595.0,16945.19921875,16780.6,16545.799926757812,16509.48994140625,16106.040006510417,16383.619943576388,16245.636588541667,16525.228466796874
2009-08-12,17284.099609375,16654.69921875,16848.400390625,16751.599609375,149935.0,16751.599609375,16877.43984375,16618.424926757812,16562.74990234375,16123.793326822917,16418.048828125,16217.394921875,16564.767626953126
2009-08-13,17332.5,16606.30078125,16800.0,16751.599609375,190270.0,16751.599609375,16974.2796875,16703.14990234375,16586.95986328125,16144.773307291667,16451.4021484375,16196.414908854167,16609.551790364585
2009-08-14,16993.599609375,16557.900390625,16848.400390625,16703.19921875,128416.0,16703.19921875,16896.81953125,16763.6748046875,16640.21982421875,16143.1599609375,16433.113259548612,16192.381575520832,16659.984285481773
2009-08-17,16945.19921875,15589.599609375,16751.599609375,15831.7001953125,225207.0,15831.7001953125,16596.6595703125,16709.212280273438,16616.00986328125,16112.496647135416,16405.139930555557,16198.029915364583,16704.76845703125
2009-08-18,15831.7001953125,14718.099609375,15589.599609375,15250.7001953125,184859.0,15250.7001953125,16257.759765625,16582.124755859375,16519.1798828125,16075.37666015625,16354.573285590277,16192.381591796875,16742.69345703125
2009-08-19,15686.400390625,15105.5,15541.2001953125,15105.5,140053.0,15105.5,15928.53984375,16333.999755859375,16402.98984375,16010.82333984375,16323.373285590278,16203.678255208333,16787.07412109375
2009-08-20,15589.599609375,15202.2998046875,15202.2998046875,15299.099609375,78958.0,15299.099609375,15638.03984375,16079.82470703125,16306.159765625,15967.249967447917,16284.639952256945,16202.87158203125,16830.64745279948
2009-08-21,16315.7998046875,15299.099609375,15396.0,16219.0,326571.0,16219.0,15541.2,15989.0498046875,16219.009765625,15973.706640625,16270.653276909723,16224.658251953126,16878.255786132813
2009-08-24,16461.099609375,15928.5,16364.2998046875,16122.2001953125,176724.0,16122.2001953125,15599.3,15910.374877929688,16097.97978515625,16025.349967447917,16243.757725694444,16232.728255208332,16925.864119466147
2009-08-25,15928.5,15105.5,15831.7001953125,15202.2998046875,177521.0,15202.2998046875,15589.619921875,15716.71240234375,15923.68984375,16041.489973958332,16217.935503472223,16219.011588541667,16965.403287760415
2009-08-26,15589.599609375,15202.2998046875,15347.5,15444.400390625,84343.0,15444.400390625,15657.4,15559.362548828125,15792.969921875,16041.489973958332,16173.824392361112,16202.0666015625,16994.04912109375
2009-08-27,15638.0,15057.0,15638.0,15250.7001953125,71330.0,15250.7001953125,15647.7201171875,15486.737548828125,15642.87998046875,16054.399967447916,16109.27107204861,16198.031608072917,17019.46662597656
2009-08-28,15783.2998046875,15250.7001953125,15299.099609375,15734.900390625,139884.0,15734.900390625,15550.9001953125,15547.262573242188,15546.05009765625,16046.33330078125,16056.5533203125,16206.908284505209,17033.991625976563
2009-08-31,15928.5,15347.5,15734.900390625,15686.400390625,105589.0,15686.400390625,15463.740234375,15619.875122070312,15531.5201171875,16043.1033203125,16018.895551215277,16214.976627604166,17035.60496419271
2009-09-01,15589.599609375,15250.7001953125,15347.5,15299.099609375,86177.0,15299.099609375,15483.1001953125,15619.875122070312,15536.36005859375,16012.439973958333,15996.302213541667,16231.921614583332,17033.990795898437
2009-09-02,15347.5,14815.0,15202.2998046875,15057.0,112683.0,15057.0,15405.6201171875,15474.625122070312,15531.51005859375,15976.93330078125,15970.479991319444,16229.499951171874,17038.428295898437
2009-09-03,15928.5,14572.900390625,15202.2998046875,15928.5,198575.0,15928.5,15541.180078125,15450.41259765625,15594.45009765625,15988.22998046875,15966.175542534722,16240.796614583332,17041.655794270835
2009-09-04,15831.7001953125,15153.900390625,15831.7001953125,15153.900390625,142318.0,15153.900390625,15424.980078125,15444.362670898438,15487.94013671875,15976.933333333332,15930.671115451389,16201.25830078125,17029.14913736979
2009-09-07,15250.7001953125,14524.5,15202.2998046875,15008.599609375,98398.0,15008.599609375,15289.419921875,15389.887573242188,15376.580078125,15952.723307291666,15891.937782118055,16166.5599609375,17021.48330078125
2009-09-08,15734.900390625,14863.400390625,15008.599609375,14911.7998046875,150044.0,14911.7998046875,15211.9599609375,15347.525024414062,15347.530078125,15926.903287760417,15859.660004340278,16122.986637369791,17013.817464192707
2009-09-09,15153.900390625,14427.7001953125,14960.2001953125,14524.5,88532.0,14524.5,15105.4599609375,15196.224975585938,15255.5400390625,15870.419954427083,15803.713346354167,16089.903304036457,16999.293294270832
2009-09-10,14911.7998046875,14476.099609375,14476.099609375,14572.900390625,66809.0,14572.900390625,14834.3400390625,15057.037475585938,15187.76005859375,15805.866634114584,15758.526671006945,16048.749983723957,16990.82080078125
2009-09-11,15492.7998046875,14572.900390625,14572.900390625,14815.0,254022.0,14815.0,14766.5599609375,14996.525024414062,15095.77001953125,15760.67998046875,15731.631119791668,16014.859977213542,16973.069140625
2009-09-14,15057.0,14718.099609375,14815.0,14911.7998046875,67478.0,14911.7998046875,14747.2,14978.375,15018.3099609375,15721.946647135417,15739.162217881945,15974.514973958334,16954.50996907552
2009-09-15,15686.400390625,14766.599609375,15105.5,15686.400390625,211044.0,15686.400390625,14902.1201171875,14948.112548828125,15057.0400390625,15704.193326822917,15760.680013020834,15963.216650390625,16934.739965820314
2009-09-16,16025.2998046875,15250.7001953125,15492.7998046875,15589.599609375,301397.0,15589.599609375,15115.1400390625,15002.574951171875,15110.3,15681.599967447917,15763.90666232639,15932.553304036459,16926.67079264323
2009-09-17,15686.400390625,15105.5,15589.599609375,15347.5,88960.0,15347.5,15270.0599609375,15044.9375,15052.2,15650.93662109375,15774.664431423611,15885.751643880209,16903.673299153645
2009-09-18,15783.2998046875,15153.900390625,15396.0,15396.0,139955.0,15396.0,15386.2599609375,15105.462524414062,15076.4099609375,15594.453287760416,15761.755533854166,15840.564990234376,16877.04579264323
2009-09-21,15396.0,15153.900390625,15299.099609375,15299.099609375,59834.0,15299.099609375,15463.719921875,15202.287475585938,15105.4599609375,15526.673274739584,15750.99552951389,15805.866650390624,16852.031616210938
2009-09-22,15589.599609375,15202.2998046875,15299.099609375,15202.2998046875,70893.0,15202.2998046875,15366.8998046875,15280.96240234375,15134.5099609375,15468.576627604167,15728.402191840278,15787.308317057292,16827.420784505208
2009-09-23,15347.5,14669.7001953125,15250.7001953125,14718.099609375,96371.0,14718.099609375,15192.5998046875,15268.849853515625,15153.869921875,15400.793294270834,15697.199956597222,15762.293310546875,16776.181608072915
2009-09-24,15105.5,14572.900390625,14621.2998046875,14718.099609375,85896.0,14718.099609375,15066.7197265625,15244.637329101562,15168.38984375,15333.0099609375,15677.833289930555,15738.891634114583,16728.16993815104
2009-09-25,15396.0,14572.900390625,14863.400390625,14718.099609375,199505.0,14718.099609375,14931.1396484375,15123.599731445312,15158.6998046875,15266.839973958333,15660.617730034723,15704.999967447917,16677.334098307292
2009-09-28,14815.0,14282.400390625,14669.7001953125,14282.400390625,91862.0,14282.400390625,14727.7998046875,14960.199829101562,15095.75986328125,15215.196647135417,15628.339952256945,15663.846647135417,16621.253271484376
2009-09-29,14524.5,13798.2998046875,14524.5,13798.2998046875,89787.0,13798.2998046875,14446.9998046875,14766.5498046875,14906.9498046875,15166.78330078125,15586.382161458334,15621.07998046875,16555.48993326823
2009-09-30,14040.2998046875,13120.400390625,13798.2998046875,13120.400390625,133125.0,13120.400390625,14127.4599609375,14482.099853515625,14660.0298828125,15100.613313802083,15517.52439236111,15555.718326822916,16486.498266601564
2009-10-01,13314.099609375,12297.400390625,13120.400390625,12297.400390625,135764.0,12297.400390625,13643.3201171875,14106.887451171875,14355.019921875,15000.556673177083,15423.922178819445,15483.9033203125,16400.964933268227
2009-10-05,12684.7001953125,12103.7001953125,12103.7001953125,12491.099609375,58128.0,12491.099609375,13197.9201171875,13767.987426757812,14064.5298828125,14876.293326822917,15342.155512152778,15424.999983723957,16328.74659016927
2009-10-06,12684.7001953125,12297.400390625,12539.5,12394.2001953125,52923.0,12394.2001953125,12820.280078125,13477.5,13774.03994140625,14752.02666015625,15260.386631944444,15388.688313802084,16276.296598307292
2009-10-07,12636.2998046875,12394.2001953125,12442.599609375,12587.900390625,34257.0,12587.900390625,12578.2001953125,13211.22509765625,13512.6,14664.880013020833,15179.695529513889,15353.184993489584,16230.30244140625
2009-10-08,13168.900390625,12587.900390625,12733.099609375,12830.0,43290.0,12830.0,12520.1201171875,12975.212646484375,13323.7900390625,14577.733333333334,15103.308854166668,15309.611653645834,16173.818277994791
2009-10-09,13459.400390625,12926.7998046875,12926.7998046875,13072.0,83356.0,13072.0,12675.0400390625,12823.91259765625,13159.180078125,14505.109993489583,15032.299956597222,15279.75498046875,16125.403271484374
2009-10-12,13410.900390625,12975.2001953125,13072.0,13072.0,46310.0,13072.0,12791.2201171875,12733.125122070312,12994.5701171875,14416.346647135417,14942.999956597223,15231.339973958333,16069.725764973959
2009-10-13,13410.900390625,13023.599609375,13168.900390625,13072.0,62662.0,13072.0,12926.780078125,12727.075073242188,12873.530078125,14329.199967447918,14848.322178819444,15186.151643880208,16004.769091796876
2009-10-14,13217.2998046875,12975.2001953125,13120.400390625,13120.400390625,40945.0,13120.400390625,13033.280078125,12829.950073242188,12805.74013671875,14256.57666015625,14763.326649305556,15134.508317057293,15934.970768229166
2009-10-15,13265.7001953125,13023.599609375,13265.7001953125,13265.7001953125,35773.0,13265.7001953125,13120.4201171875,12926.775146484375,12820.2701171875,14196.866666666667,14685.862217881944,15086.899983723959,15869.610766601563
2009-10-16,15250.7001953125,13072.0,13265.7001953125,15250.7001953125,1322256.0,15250.7001953125,13556.16015625,13283.837646484375,13115.60009765625,14174.27333984375,14652.508897569445,15081.25166015625,15847.017431640625
2009-10-19,15202.2998046875,14669.7001953125,14911.7998046875,14911.7998046875,260251.0,14911.7998046875,13924.1201171875,13574.325073242188,13357.6701171875,14166.2033203125,14612.700021701388,15071.568326822917,15809.899096679688
2009-10-20,15299.099609375,14330.7998046875,14863.400390625,14330.7998046875,238047.0,14330.7998046875,14175.880078125,13761.925048828125,13551.330078125,14143.609993489583,14579.3466796875,15048.166650390625,15775.201595052084
2009-10-21,15153.900390625,14137.2001953125,14379.2001953125,14863.400390625,240484.0,14863.400390625,14524.480078125,13985.85009765625,13778.880078125,14141.9966796875,14570.740017361111,15034.449983723958,15748.169938151043
2009-10-22,15008.599609375,13604.599609375,14911.7998046875,13701.400390625,252958.0,13701.400390625,14611.6201171875,14064.525146484375,13866.0201171875,14114.560026041667,14539.537803819445,14992.489990234375,15708.630777994791
2009-10-23,15008.599609375,13749.7998046875,13798.2998046875,14330.7998046875,394815.0,14330.7998046875,14427.6400390625,14221.875122070312,13991.90009765625,14106.490006510418,14518.020030381944,14956.1783203125,15679.178279622396
2009-10-26,14815.0,13798.2998046875,14330.7998046875,13846.7001953125,166611.0,13846.7001953125,14214.6201171875,14312.66259765625,14069.3701171875,14074.213346354167,14465.302256944444,14917.446663411458,15641.656608072917
2009-10-27,13895.099609375,13459.400390625,13895.099609375,13459.400390625,110076.0,13459.400390625,14040.340234375,14336.875122070312,14108.11015625,14025.800032552082,14406.12892795139,14873.87333984375,15602.924951171875
2009-10-28,13604.599609375,12587.900390625,13314.099609375,13120.400390625,119108.0,13120.400390625,13691.740234375,14070.587646484375,14108.11015625,13940.26669921875,14359.864496527778,14822.230013020833,15566.2099609375
2009-10-29,14718.099609375,12491.099609375,12636.2998046875,13168.900390625,373573.0,13168.900390625,13585.240234375,13852.725219726562,14098.43017578125,13859.576725260416,14309.29782986111,14770.588346354167,15532.319970703125
2009-10-30,13459.400390625,13023.599609375,13314.099609375,13120.400390625,49075.0,13120.400390625,13343.1603515625,13701.42529296875,13885.4001953125,13785.340071614582,14261.957834201388,14718.138346354166,15498.832470703124
2009-11-02,12878.400390625,12200.599609375,12781.5,12587.900390625,76491.0,12587.900390625,13091.400390625,13416.98779296875,13653.01025390625,13691.736751302084,14192.024500868056,14643.09501953125,15454.049137369791
2009-11-03,13072.0,12539.5,13072.0,12587.900390625,50295.0,12587.900390625,12917.100390625,13277.80029296875,13478.7203125,13601.363444010416,14123.1689453125,14564.018359375,15410.475813802082
2009-11-04,13362.5,12636.2998046875,12781.5,13072.0,83801.0,13072.0,12907.4203125,13120.450317382812,13299.5802734375,13530.353450520834,14073.677842881945,14499.4650390625,15372.550813802083
2009-11-05,13604.599609375,13072.0,13168.900390625,13120.400390625,64513.0,13120.400390625,12897.7203125,13029.662841796875,13241.4802734375,13477.096809895833,14030.642296006945,14438.945052083332,15328.169986979166
2009-11-06,13846.7001953125,13168.900390625,13459.400390625,13168.900390625,90632.0,13168.900390625,12907.4203125,12993.350341796875,13125.29033203125,13425.4568359375,13969.317860243056,14379.2333984375,15287.824153645834
2009-11-09,13459.400390625,13120.400390625,13168.900390625,13217.2998046875,33311.0,13217.2998046875,13033.3001953125,13005.462768554688,13062.35029296875,13375.43017578125,13926.282291666666,14321.135074869791,15256.758325195313
2009-11-10,13459.400390625,13072.0,13362.5,13072.0,40670.0,13072.0,13130.1201171875,12993.350219726562,13023.61025390625,13335.08349609375,13883.246744791666,14275.140071614584,15236.584993489583
2009-11-11,13265.7001953125,12781.5,13168.900390625,12926.7998046875,46193.0,12926.7998046875,13101.080078125,12969.150146484375,13004.2501953125,13306.03349609375,13839.135633680555,14236.4083984375,15214.394995117187
2009-11-12,13120.400390625,12830.0,12975.2001953125,12975.2001953125,25872.0,12975.2001953125,13072.0400390625,13017.562622070312,12984.88017578125,13301.193489583333,13804.706749131945,14200.903401692709,15202.290828450521
2009-11-13,13072.0,12781.5,13072.0,12878.400390625,15460.0,12878.400390625,13013.9400390625,13053.875122070312,12960.68017578125,13320.56015625,13767.05119357639,14160.558414713541,15181.714998372396
2009-11-16,12975.2001953125,12442.599609375,12830.0,12442.599609375,63573.0,12442.599609375,12859.0,12975.200073242188,12946.15009765625,13318.943489583333,13714.331184895833,14097.618408203125,15161.138330078125
2009-11-17,12684.7001953125,12345.7998046875,12539.5,12491.099609375,39110.0,12491.099609375,12742.819921875,12896.537475585938,12936.47001953125,13322.173470052083,13660.537847222222,14037.100065104167,15134.91416015625
2009-11-18,13265.7001953125,12394.2001953125,12394.2001953125,12733.099609375,219633.0,12733.099609375,12704.0798828125,12842.062377929688,12902.57998046875,13327.013444010418,13594.908940972222,13995.946728515624,15107.479158528646
2009-11-19,13168.900390625,12733.099609375,12733.099609375,12781.5,64582.0,12781.5,12665.33984375,12787.58740234375,12868.68994140625,13325.39677734375,13532.506727430555,13951.565055338542,15076.81582845052
2009-11-20,13362.5,12684.7001953125,12684.7001953125,12975.2001953125,47282.0,12975.2001953125,12684.6998046875,12775.487426757812,12849.319921875,13322.1701171875,13479.788953993055,13913.640055338541,15055.83583170573
2009-11-23,13410.900390625,12975.2001953125,12975.2001953125,13168.900390625,63481.0,13168.900390625,12829.9599609375,12805.75,12844.47998046875,13325.400130208332,13430.2978515625,13870.873388671875,15038.890836588542
2009-11-24,13459.400390625,12926.7998046875,13459.400390625,12926.7998046875,38257.0,12926.7998046875,12917.1,12799.699951171875,12829.9599609375,13320.560123697916,13377.580078125,13824.880045572916,15019.928336588542
2009-11-25,13072.0,12733.099609375,13072.0,12878.400390625,28997.0,12878.400390625,12946.16015625,12799.699951171875,12825.12001953125,13312.49345703125,13325.937868923611,13784.53505859375,15008.228336588541
2009-11-26,13023.599609375,12733.099609375,12926.7998046875,12781.5,26447.0,12781.5,12946.16015625,12842.0625,12805.75,13296.353450520834,13282.90232204861,13746.61005859375,14988.055004882812
2009-11-27,12733.099609375,10893.400390625,12491.099609375,11522.7998046875,125909.0,11522.7998046875,12655.680078125,12721.025024414062,12670.18994140625,13172.090104166668,13211.895659722222,13673.181722005209,14956.98916829427
2009-11-30,12006.900390625,11668.0,11861.7001953125,11764.7998046875,54685.0,11764.7998046875,12374.8599609375,12599.987548828125,12602.4099609375,13067.190104166666,13146.266775173612,13616.696712239584,14908.977506510417
2009-12-01,12055.2998046875,11716.400390625,11764.7998046875,12006.900390625,42743.0,12006.900390625,12190.880078125,12503.16259765625,12553.9900390625,12989.726790364582,13095.700108506944,13566.668391927084,14866.614176432291
2009-12-02,12442.599609375,12006.900390625,12103.7001953125,12297.400390625,34387.0,12297.400390625,12074.680078125,12418.437622070312,12510.4201171875,12904.19345703125,13062.346788194445,13523.095068359375,14823.040852864584
2009-12-03,12587.900390625,12345.7998046875,12491.099609375,12491.099609375,35837.0,12491.099609375,12016.6,12333.712524414062,12481.380078125,12863.85009765625,13048.36232638889,13489.205061848957,14789.554182942707
2009-12-04,12733.099609375,12297.400390625,12491.099609375,12587.900390625,33173.0,12587.900390625,12229.6201171875,12291.35009765625,12442.65009765625,12805.753450520833,13054.817881944444,13456.121728515625,14752.435856119791
2009-12-07,13265.7001953125,12539.5,12636.2998046875,12975.2001953125,175870.0,12975.2001953125,12471.7001953125,12303.450073242188,12423.280078125,12776.703450520834,13065.575672743056,13425.4583984375,14720.15918782552
2009-12-08,14234.0,12926.7998046875,13072.0,13846.7001953125,443838.0,13846.7001953125,12839.66015625,12436.60009765625,12515.2701171875,12789.613444010416,13097.853450520834,13407.70673828125,14691.110856119793
2009-12-09,13749.7998046875,13217.2998046875,13749.7998046875,13314.099609375,114359.0,13314.099609375,13043.0,12660.512573242188,12558.8400390625,12796.070084635418,13113.9912109375,13368.168391927084,14665.692521158855
2009-12-10,13507.7998046875,12975.2001953125,13459.400390625,13120.400390625,61931.0,13120.400390625,13168.86015625,12829.962646484375,12592.730078125,12794.45341796875,13120.444552951389,13327.015071614584,14629.78418782552
2009-12-11,13314.099609375,12975.2001953125,13314.099609375,13120.400390625,51368.0,13120.400390625,13275.36015625,12969.150146484375,12752.49013671875,12794.45341796875,13121.5201171875,13289.896744791668,14587.824194335937
2009-12-14,13410.900390625,13120.400390625,13120.400390625,13410.900390625,40684.0,13410.900390625,13362.5001953125,13108.337646484375,12917.1001953125,12821.886751302083,13129.051236979167,13256.811751302082,14548.68837076823
2009-12-15,14572.900390625,13362.5,13459.400390625,14137.2001953125,234447.0,14137.2001953125,13420.6001953125,13314.100219726562,13130.13017578125,12873.530078125,13152.722352430555,13237.446761067707,14521.656705729167
2009-12-16,15541.2001953125,13991.900390625,14040.2998046875,15250.7001953125,378650.0,15250.7001953125,13807.9203125,13646.9501953125,13425.46015625,12946.15341796875,13200.062348090278,13238.253434244793,14512.780875651042
2009-12-17,15492.7998046875,15008.599609375,15347.5,15299.099609375,145064.0,15299.099609375,14243.66015625,13937.437622070312,13706.26015625,13018.776725260417,13245.24900173611,13247.936767578125,14505.1150390625
2009-12-18,15783.2998046875,15057.0,15299.099609375,15057.0,233421.0,15057.0,14630.980078125,14088.72509765625,13953.1701171875,13081.71337890625,13240.944552951389,13253.585107421875,14496.23837076823
2009-12-21,15299.099609375,14669.7001953125,15057.0,15250.7001953125,113281.0,15250.7001953125,14998.9400390625,14330.800170898438,14180.7201171875,13149.493391927082,13248.475672743056,13262.461783854167,14483.730875651041
2009-12-22,15928.5,15299.099609375,15589.599609375,15492.7998046875,171818.0,15492.7998046875,15270.0599609375,14627.35009765625,14345.330078125,13230.18671875,13274.297894965277,13282.635107421875,14473.240877278646
2009-12-23,15541.2001953125,14863.400390625,15347.5,14960.2001953125,69665.0,14960.2001953125,15211.9599609375,14857.325073242188,14509.94013671875,13297.966731770834,13276.449001736111,13302.000113932292,14461.54004720052
2009-12-24,15734.900390625,15105.5,15105.5,15589.599609375,88952.0,15589.599609375,15270.0599609375,15129.662475585938,14756.86005859375,13385.11337890625,13318.408984375,13343.153434244792,14449.435880533854
2009-12-28,16461.099609375,15396.0,15638.0,16122.2001953125,166864.0,16122.2001953125,15483.1,15377.787475585938,15057.0400390625,13493.2400390625,13358.217881944445,13406.90009765625,14445.401708984375
2009-12-29,16412.69921875,15783.2998046875,16025.2998046875,15783.2998046875,101666.0,15783.2998046875,15589.619921875,15444.362426757812,15294.27998046875,13604.596712239583,13401.253428819444,13461.770100911459,14443.385042317708
2009-12-30,16170.599609375,15686.400390625,15734.900390625,16073.7998046875,56313.0,16073.7998046875,15705.819921875,15541.199951171875,15487.93994140625,13724.020052083333,13459.351193576389,13523.096761067709,14455.892537434896
2010-01-04,17719.900390625,16170.599609375,16170.599609375,17284.099609375,298565.0,17284.099609375,16170.5998046875,15819.58740234375,15691.2798828125,13875.720052083334,13551.877842881944,13601.366748046876,14477.27587076823
2010-01-05,17768.30078125,16945.19921875,17526.19921875,17284.099609375,186980.0,17284.099609375,16509.4998046875,16073.762329101562,15889.7798828125,14025.806705729166,13643.326714409723,13675.601741536459,14492.606697591145
2010-01-06,19656.5,17090.5,17332.5,18397.69921875,817954.0,18397.69921875,16964.599609375,16436.874755859375,16223.8498046875,14206.556673177083,13760.60002170139,13764.363395182292,14522.05918782552
2010-01-07,18591.30078125,17913.5,18591.30078125,18107.19921875,230308.0,18107.19921875,17429.3794921875,16830.249633789062,16509.49970703125,14371.166634114583,13883.251106770833,13848.283382161459,14539.811678059896
2010-01-08,19753.30078125,18397.69921875,18542.900390625,19317.599609375,312284.0,19317.599609375,18078.139453125,17296.249633789062,16891.9796875,14584.193294270834,14032.799978298612,13952.376708984375,14569.264176432293
2010-01-11,20285.900390625,19123.900390625,19511.19921875,19366.0,320133.0,19366.0,18494.51953125,17701.724609375,17332.55966796875,14800.446614583334,14172.666644965278,14056.470035807291,14595.489176432291
2010-01-12,19850.099609375,18978.69921875,19559.599609375,19511.19921875,125627.0,19511.19921875,18939.939453125,18167.712036132812,17724.71962890625,15024.769921875,14314.684396701388,14160.561686197916,14623.730834960938
2010-01-13,20140.599609375,19075.5,19462.80078125,19801.69921875,113584.0,19801.69921875,19220.739453125,18633.699462890625,18092.66953125,15300.733235677084,14462.079926215278,14236.411669921876,14658.831665039062
2010-01-14,22755.0,19704.900390625,19898.5,22755.0,735990.0,22755.0,20150.299609375,19317.56201171875,18789.83955078125,15667.0732421875,14674.028819444444,14367.131673177084,14719.35
2010-01-15,26144.099609375,22706.599609375,22851.900390625,26144.099609375,1018960.0,26144.099609375,21515.599609375,20425.06201171875,19796.86953125,16138.313216145832,14964.519921875,14564.020003255207,14806.093326822916
2010-01-18,26725.0,24110.599609375,25998.80078125,24788.5,859172.0,24788.5,22600.099609375,21223.912109375,20547.3095703125,16554.683203125,15228.11325954861,14729.438330078125,14881.944156901041
2010-01-19,25853.599609375,23820.19921875,24498.0,24207.5,730099.0,24207.5,23539.359765625,21986.44970703125,21239.649609375,16945.2298828125,15477.719921875,14904.539990234374,14948.514990234375
2010-01-20,27838.599609375,24304.30078125,24691.599609375,27838.599609375,790978.0,27838.599609375,25146.73984375,23051.57470703125,22183.7396484375,17453.5865234375,15810.168793402778,15129.669986979166,15042.924153645834
2010-01-21,29726.80078125,26579.80078125,28952.099609375,28564.80078125,1008072.0,28564.80078125,26308.7,24201.4248046875,23229.4998046875,17973.239876302083,16168.439930555556,15374.971663411457,15146.209163411459
2010-01-22,28371.19921875,25514.69921875,27790.19921875,27015.5,509249.0,27015.5,26482.980078125,25139.46240234375,23999.28984375,18412.199869791668,16491.204383680557,15600.906656901041,15237.389998372395
2010-01-25,30210.900390625,26047.19921875,26628.19921875,27596.5,637290.0,27596.5,27044.580078125,26113.8125,24822.33984375,18888.2798828125,16821.50217013889,15842.174983723959,15332.202498372395
2010-01-26,27887.0,23481.19921875,27887.0,23626.5,516106.0,23626.5,26928.380078125,26222.75,25233.869921875,19238.483203125,17062.50217013889,16016.468310546876,15393.52832845052
2010-01-27,24498.0,22125.599609375,24304.30078125,24013.80078125,419160.0,24013.80078125,26163.4203125,25956.462646484375,25655.080078125,19601.596549479167,17307.804405381943,16198.024983723959,15458.081665039062
2010-01-28,26192.5,23336.0,24788.5,25853.599609375,428160.0,25853.599609375,25621.180078125,26089.60009765625,25964.9400390625,20016.353190104168,17589.686610243054,16419.119970703126,15531.107495117187
2010-01-29,27548.099609375,24788.5,24885.30078125,26144.099609375,405926.0,26144.099609375,25446.9,26331.675048828125,25964.9400390625,20416.583170572918,17883.404383680554,16645.05662434896,15604.53749186198
2010-02-01,27112.400390625,25563.099609375,26434.599609375,26144.099609375,221228.0,26144.099609375,25156.419921875,26119.862548828125,26100.5,20779.696484375,18178.197699652777,16862.924951171874,15681.194995117188
2010-02-02,26918.69921875,25708.30078125,26531.400390625,26725.0,256204.0,26725.0,25776.119921875,25889.887451171875,26352.25,21160.559830729166,18488.053255208335,17089.66827799479,15764.306665039063
2010-02-03,27354.400390625,25756.80078125,27112.400390625,25756.80078125,254462.0,25756.80078125,26124.719921875,25732.550048828125,26144.0701171875,21517.219856770833,18804.364388020833,17299.46661783854,15839.35000813802
2010-02-04,25902.0,24836.900390625,25417.80078125,25902.0,154923.0,25902.0,26134.4,25520.737548828125,25877.7900390625,21872.26318359375,19118.524392361112,17510.878287760417,15916.006681315104
2010-02-05,24498.0,23481.19921875,24498.0,23965.400390625,234943.0,23965.400390625,25698.66015625,25563.10009765625,25572.780078125,22154.683203125,19384.268836805557,17692.4349609375,15983.787516276041
2010-02-08,24594.80078125,20527.900390625,24207.5,20527.900390625,317652.0,20527.900390625,24575.4203125,25127.362548828125,24865.9201171875,22340.273209635416,19567.168836805555,17819.119970703126,16027.764184570313
2010-02-09,21786.69921875,19898.5,20624.80078125,21351.0,334193.0,21351.0,23500.6203125,24564.53759765625,24638.3701171875,22532.319889322916,19764.05551215278,17958.716634114582,16079.810017903646
2010-02-10,21786.69921875,19995.400390625,21496.19921875,20140.599609375,258009.0,20140.599609375,22377.380078125,23814.10009765625,24251.05,22666.266536458334,19931.893272569443,18079.753287760417,16120.15585123698
2010-02-11,21205.69921875,19656.5,19947.0,20915.30078125,237934.0,20915.30078125,21380.040234375,23160.500244140625,23757.2201171875,22837.333235677084,20108.339952256945,18220.964973958333,16159.291691080729
2010-02-12,23965.400390625,20721.599609375,21254.19921875,23287.599609375,477875.0,23287.599609375,21244.480078125,22730.8251953125,23471.5701171875,23077.793229166666,20318.137717013888,18400.906640625,16219.003352864584
2010-02-16,23723.30078125,22561.400390625,22755.0,23093.900390625,153775.0,23093.900390625,21757.680078125,22397.962646484375,23166.5501953125,23271.453255208333,20535.46662326389,18573.586653645834,16284.76669108073
2010-02-17,24207.5,22706.599609375,23384.400390625,23723.30078125,163916.0,23723.30078125,22232.140234375,22125.625244140625,22866.3802734375,23486.093294270835,20771.086631944443,18755.95,16353.757527669271
2010-02-18,26483.0,24013.80078125,24013.80078125,24788.5,500500.0,24788.5,23161.7203125,22228.5126953125,22769.5501953125,23699.119986979167,21030.377734375,18952.838330078124,16433.239192708334
2010-02-19,26821.900390625,24304.30078125,25224.19921875,24352.69921875,911721.0,24352.69921875,23849.2,22706.612548828125,22614.6201171875,23907.3033203125,21273.528819444444,19139.234977213542,16505.05418294271
2010-02-22,24933.69921875,24013.80078125,24788.5,24449.5,169023.0,24449.5,24081.580078125,23093.925048828125,22663.030078125,24078.366666666665,21502.69103732639,19331.27998046875,16578.080013020834
2010-02-23,25950.400390625,24643.19921875,24788.5,25417.80078125,440650.0,25417.80078125,24546.36015625,23753.5751953125,23152.0201171875,24280.093359375,21728.626605902777,19540.269986979165,16662.40252278646
2010-02-24,28855.30078125,24982.099609375,24982.099609375,28661.599609375,725433.0,28661.599609375,25534.019921875,24721.862548828125,23883.080078125,24585.106705729166,22025.571050347222,19804.938313802082,16775.774186197916
2010-02-25,29484.69921875,24401.099609375,29194.19921875,24401.099609375,1032133.0,24401.099609375,25456.53984375,24861.050048828125,24309.130078125,24738.420052083333,22233.217708333334,20019.57664388021,16846.37918294271
2010-02-26,24691.599609375,22755.0,23771.69921875,23529.69921875,558127.0,23529.69921875,25291.93984375,24915.52490234375,24570.569921875,24764.243359375,22417.19546440972,20215.65830078125,16916.177506510416
2010-03-02,24401.099609375,23045.5,24013.80078125,23142.30078125,180171.0,23142.30078125,25030.5,24842.89990234375,24556.0400390625,24664.1833984375,22587.184375,20401.248307291666,16983.958349609376
2010-03-03,24110.599609375,23093.900390625,23093.900390625,23481.19921875,159672.0,23481.19921875,24643.1796875,24679.4873046875,24594.769921875,24620.606705729166,22776.539908854167,20587.644954427084,17055.37001139323
2010-03-04,24110.599609375,22512.900390625,23481.19921875,22512.900390625,244351.0,22512.900390625,23413.43984375,24449.512451171875,24473.7298828125,24564.120052083334,22930.39103732639,20754.674967447918,17121.940014648437
2010-03-05,23432.80078125,22367.69921875,22948.69921875,23190.80078125,200326.0,23190.80078125,23171.380078125,24292.175048828125,24313.9599609375,24409.193424479166,23087.471050347223,20931.389973958332,17193.75585123698
2010-03-08,24546.400390625,23093.900390625,23674.900390625,24401.099609375,391749.0,24401.099609375,23345.66015625,24165.08740234375,24318.8,24270.403385416666,23278.97771267361,21121.821630859376,17273.640014648438
2010-03-09,24304.30078125,23432.80078125,24304.30078125,23820.19921875,165623.0,23820.19921875,23481.23984375,23559.912353515625,24255.869921875,24163.893359375,23451.119921875,21288.046614583334,17347.87667643229
2010-03-10,24401.099609375,22658.19921875,23820.19921875,23384.400390625,217111.0,23384.400390625,23461.880078125,23432.824951171875,24052.5298828125,24023.4900390625,23586.682161458335,21455.8849609375,17412.02667643229
2010-03-11,23529.69921875,22077.19921875,23336.0,22270.900390625,172161.0,22270.900390625,23413.480078125,23275.47509765625,23413.4599609375,23978.303385416668,23697.49995659722,21608.393294270834,17467.704182942707
2010-03-12,22851.900390625,22319.30078125,22755.0,22367.69921875,93386.0,22367.69921875,23248.859765625,23178.64990234375,23210.119921875,23923.433333333334,23785.722178819444,21762.51494140625,17526.20584309896
2010-03-15,23432.80078125,22125.599609375,22416.099609375,22706.599609375,127678.0,22706.599609375,22909.959765625,23081.824951171875,23127.8099609375,23818.533333333333,23887.93107638889,21917.44326171875,17587.127506510416
2010-03-16,23093.900390625,22512.900390625,22609.80078125,22997.099609375,89432.0,22997.099609375,22745.33984375,23142.349853515625,23113.28984375,23713.633333333335,23969.697743055556,22065.108251953126,17651.277506510418
2010-03-17,23965.400390625,22755.0,23336.0,23820.19921875,262753.0,23820.19921875,22832.499609375,23221.024658203125,23147.18984375,23636.169986979166,24068.679947916666,22207.933235677083,17723.093334960937
2010-03-18,23965.400390625,23287.599609375,23723.30078125,23626.5,111096.0,23626.5,23103.61953125,23124.19970703125,23258.5498046875,23532.886653645834,24160.13107638889,22346.7232421875,17797.330004882813
2010-03-19,26240.900390625,23336.0,23626.5,24933.69921875,450299.0,24933.69921875,23616.81953125,23263.38720703125,23432.8396484375,23505.449934895834,24274.175520833334,22511.334895833334,17882.460001627605
2010-03-22,25708.30078125,24594.80078125,24933.69921875,25224.19921875,153569.0,25224.19921875,24120.339453125,23493.362060546875,23515.149609375,23482.856575520833,24329.046614583334,22677.55987955729,17970.010831705727
2010-03-23,26240.900390625,24885.30078125,25708.30078125,24885.30078125,203062.0,24885.30078125,24497.9796875,23820.162109375,23621.659765625,23513.519921875,24301.073307291666,22834.1015625,18058.36833496094
2010-03-24,25708.30078125,24498.0,25224.19921875,24691.599609375,138952.0,24691.599609375,24672.259765625,24110.649658203125,23752.3796875,23652.309895833332,24298.91996527778,22996.291552734376,18149.145833333332
2010-03-25,25030.5,23917.0,24788.5,23917.0,119988.0,23917.0,24730.359765625,24261.94970703125,23916.9896484375,23737.843229166665,24292.464409722223,23135.08155924479,18239.11749674479
2010-03-26,24982.099609375,23723.30078125,23723.30078125,24691.599609375,99635.0,24691.599609375,24681.93984375,24473.76220703125,24149.3796875,23889.543229166666,24222.53107638889,23277.9048828125,18342.402490234374
2010-03-29,24498.0,23965.400390625,24110.599609375,23965.400390625,91009.0,23965.400390625,24430.180078125,24491.912353515625,24275.259765625,23991.213216145832,24120.322178819446,23414.27322591146,18438.02166341146
2010-03-30,25708.30078125,24110.599609375,24110.599609375,25417.80078125,219977.0,25417.80078125,24536.680078125,24715.824951171875,24517.3298828125,24062.219921875,24084.81775173611,23570.006575520834,18546.551668294273
2010-03-31,25853.599609375,24788.5,25611.5,25030.5,128980.0,25030.5,24604.46015625,24727.925048828125,24638.3599609375,24126.7732421875,24027.79552951389,23699.113248697915,18650.239998372395
2010-04-01,26095.69921875,25030.5,25030.5,25272.599609375,182256.0,25272.599609375,24875.580078125,24733.97509765625,24802.969921875,24178.416536458335,24064.375520833335,23832.254915364585,18753.92832845052
2010-04-02,25514.69921875,24401.099609375,25272.599609375,24885.30078125,144770.0,24885.30078125,24914.3203125,24733.97509765625,24798.130078125,24181.643229166668,24083.7421875,23940.381608072916,18852.372501627604
2010-04-05,24982.099609375,21157.30078125,24740.0,21980.400390625,845394.0,21980.400390625,24517.3203125,24395.0751953125,24473.7501953125,24102.5666015625,23997.67109375,24004.9349609375,18926.60917154948
2010-04-06,22755.0,20527.900390625,22464.5,21351.0,348718.0,21351.0,23703.96015625,24074.3251953125,24120.3201171875,23999.283268229166,23891.157769097223,24038.824967447916,18995.600838216145
2010-04-07,22658.19921875,21496.19921875,21786.69921875,22270.900390625,226989.0,22270.900390625,23152.040234375,23771.73779296875,23878.2501953125,23894.386588541667,23805.086675347222,24087.239973958334,19071.85500488281
2010-04-08,22416.099609375,21883.599609375,22270.900390625,21883.599609375,88562.0,21883.599609375,22474.240234375,23511.5126953125,23674.91015625,23668.453255208333,23697.5,24126.77998046875,19143.670833333334
2010-04-09,22851.900390625,21835.099609375,21980.400390625,22464.5,123660.0,22464.5,21990.080078125,23142.35009765625,23452.2001953125,23603.899934895835,23624.337760416667,24171.159993489582,19203.78583170573
2010-04-12,23045.5,21786.69921875,22803.400390625,21932.0,157687.0,21932.0,21980.4,22755.03759765625,23248.86015625,23550.643294270834,23536.115538194445,24157.443326822915,19262.2875
2010-04-13,22222.5,21399.400390625,22222.5,21883.599609375,69197.0,21883.599609375,22086.919921875,22331.41259765625,22895.4400390625,23508.686588541666,23489.85329861111,24086.434993489584,19325.227498372395
2010-04-14,21980.400390625,21157.30078125,21980.400390625,21399.400390625,104980.0,21399.400390625,21912.619921875,21895.675048828125,22532.330078125,23439.293294270832,23509.219965277778,24029.95,19379.69416503906
2010-04-15,21932.0,21108.900390625,21496.19921875,21593.099609375,84312.0,21593.099609375,21854.519921875,21847.262451171875,22164.380078125,23408.633268229165,23514.599956597223,23986.37666015625,19445.45832519531
2010-04-16,21689.900390625,20770.0,21399.400390625,20963.69921875,77556.0,20963.69921875,21554.359765625,21798.849853515625,21772.219921875,23334.396549479166,23532.891059027777,23871.794986979166,19500.732486979166
2010-04-19,21157.30078125,19462.80078125,20527.900390625,20915.30078125,72720.0,20915.30078125,21351.019921875,21629.39990234375,21665.7099609375,23218.203255208333,23532.891059027777,23744.3033203125,19559.63749186198
2010-04-20,22077.19921875,20963.69921875,20963.69921875,21641.5,121634.0,21641.5,21302.6,21599.137451171875,21694.7599609375,23145.579947916667,23496.311067708335,23654.736653645832,19627.821655273438
2010-04-21,21835.099609375,21060.5,21593.099609375,21254.19921875,71537.0,21254.19921875,21273.559765625,21447.849853515625,21593.08984375,23074.5732421875,23455.428819444445,23549.031640625,19695.60331217448
2010-04-22,21932.0,21108.900390625,21157.30078125,21205.69921875,75497.0,21205.69921875,21196.0796875,21357.062255859375,21525.2998046875,23039.066536458333,23399.482118055555,23508.6849609375,19762.57663574219
2010-04-23,21544.69921875,20963.69921875,21302.599609375,21012.099609375,52724.0,21012.099609375,21205.759765625,21248.124755859375,21380.059765625,22993.8798828125,23315.562109375,23458.656608072917,19828.34079589844
2010-04-26,21447.80078125,20479.5,21012.099609375,20818.400390625,88513.0,20818.400390625,21186.3796875,21175.499755859375,21268.6998046875,22930.939908854165,23237.022135416668,23374.73662109375,19896.928295898437
2010-04-27,21786.69921875,20285.900390625,20818.400390625,20915.30078125,166109.0,20915.30078125,21041.13984375,21090.77490234375,21171.869921875,22861.546614583334,23158.484375,23287.589973958333,19966.323299153646
2010-04-28,20721.599609375,19995.400390625,20382.69921875,20576.400390625,77036.0,20576.400390625,20905.580078125,21042.362548828125,21089.569921875,22753.419986979166,23050.897699652778,23194.794986979166,20028.85996907552
2010-04-29,21351.0,20431.099609375,20624.80078125,20527.900390625,75677.0,20527.900390625,20770.0203125,20993.9375,20983.05,22650.133333333335,22870.148828125,23091.509993489584,20090.589135742186
2010-04-30,21883.599609375,20527.900390625,20624.80078125,21786.69921875,286957.0,21786.69921875,20924.940234375,21012.08740234375,21065.35,22545.233333333334,22812.051041666666,23025.341634114582,20162.40412597656
2010-05-03,22706.599609375,21205.69921875,22270.900390625,21593.099609375,170352.0,21593.099609375,21079.880078125,21054.449951171875,21133.1298828125,22424.1966796875,22769.015494791667,22953.526627604166,20232.20245768229
2010-05-04,22464.5,21302.599609375,21447.80078125,21883.599609375,178885.0,21883.599609375,21273.53984375,21139.1875,21157.33984375,22324.139973958332,22741.04435763889,22918.829947916667,20305.632454427083
2010-05-06,21835.099609375,20818.400390625,21205.69921875,21544.69921875,117271.0,21544.69921875,21467.199609375,21205.762451171875,21186.38984375,22219.243294270833,22698.011024305557,22935.776595052084,20377.448282877605
2010-05-07,21108.900390625,19947.0,20382.69921875,20576.400390625,139721.0,20576.400390625,21476.899609375,21175.512451171875,21123.4599609375,22107.889973958332,22654.97769097222,22922.8666015625,20440.791617838542
2010-05-10,21108.900390625,20673.19921875,20721.599609375,21108.900390625,73359.0,21108.900390625,21341.33984375,21199.71240234375,21133.1400390625,21988.466666666667,22608.713237847223,22939.004947916666,20509.37911783854
2010-05-11,23820.19921875,20963.69921875,21593.099609375,22464.5,657323.0,22464.5,21515.619921875,21435.724853515625,21297.75,21938.436653645833,22565.67769097222,22964.824934895834,20592.894954427084
2010-05-12,23384.400390625,21689.900390625,22851.900390625,21835.099609375,216972.0,21835.099609375,21505.919921875,21599.124755859375,21389.7298828125,21819.01328125,22521.564366319446,22940.6166015625,20670.76162109375
2010-05-13,22416.099609375,21835.099609375,22270.900390625,22125.599609375,99537.0,22125.599609375,21622.1,21641.4873046875,21544.6498046875,21722.183268229168,22493.591015625,22924.478255208334,20749.032454427084
2010-05-14,23384.400390625,21883.599609375,22077.19921875,22609.80078125,232201.0,22609.80078125,22028.780078125,21768.574951171875,21752.83984375,21633.423307291665,22501.122135416666,22905.919921875,20830.9349609375
2010-05-17,22367.69921875,21157.30078125,22174.0,21593.099609375,144761.0,21593.099609375,22125.619921875,21732.262451171875,21733.4798828125,21523.683268229168,22483.90881076389,22852.663248697918,20902.75078938802
2010-05-18,22222.5,21399.400390625,21932.0,21738.30078125,62636.0,21738.30078125,21980.380078125,21756.462646484375,21748.0,21515.61328125,22462.391059027777,22809.08994140625,20974.162459309897
2010-05-19,22900.30078125,21108.900390625,21932.0,22416.099609375,303307.0,22416.099609375,22096.580078125,21986.425048828125,21801.25,21551.1166015625,22449.479947916665,22775.199934895834,21053.23995768229
2010-05-20,23578.099609375,20963.69921875,22561.400390625,21593.099609375,309118.0,21593.099609375,21990.080078125,22046.949951171875,21806.0900390625,21528.5232421875,22399.98884548611,22711.454915364582,21125.862451171874
2010-05-24,22609.80078125,21254.19921875,21254.19921875,21883.599609375,117437.0,21883.599609375,21844.83984375,21974.33740234375,21936.8099609375,21528.5232421875,22361.257725694446,22598.488248697915,21201.71328125
2010-05-25,22948.69921875,20092.19921875,21544.69921875,21302.599609375,366214.0,21302.599609375,21786.73984375,21907.77490234375,21956.1798828125,21489.793229166666,22280.56662326389,22546.84658203125,21283.21161295573
2010-05-26,24498.0,21593.099609375,21593.099609375,23868.599609375,719395.0,23868.599609375,22212.799609375,22125.64990234375,22096.58984375,21554.346549479167,22250.4421875,22552.494921875,21384.076611328124
2010-05-27,24885.30078125,23481.19921875,23481.19921875,24788.5,415499.0,24788.5,22687.2796875,22397.9873046875,22391.9298828125,21651.1765625,22248.29105902778,22579.931575520834,21490.58994140625
2010-05-28,25417.80078125,24207.5,25127.400390625,24352.69921875,377845.0,24352.69921875,23239.199609375,22742.937255859375,22614.63984375,21749.619856770834,22240.75993923611,22594.456575520835,21591.05076497396
2010-05-31,24933.69921875,24013.80078125,24207.5,24352.69921875,176638.0,24352.69921875,23733.01953125,23069.737060546875,22788.9296875,21841.606510416666,22250.442144097222,22625.119889322916,21689.897428385415
2010-06-01,26386.099609375,24498.0,24594.80078125,25708.30078125,607328.0,25708.30078125,24614.159765625,23481.26220703125,23200.4498046875,21999.759895833333,22273.035503472223,22667.07822265625,21799.23409830729
2010-06-03,26918.69921875,25514.69921875,26240.900390625,26434.599609375,292486.0,26434.599609375,25127.359765625,24086.44970703125,23670.0796875,22183.7365234375,22327.906597222223,22700.969889322918,21911.395760091145
2010-06-04,27112.400390625,26047.19921875,26821.900390625,26483.0,173083.0,26483.0,25466.259765625,24661.374755859375,24076.7697265625,22345.119856770834,22351.577690972223,22745.34990234375,22016.69825846354
2010-06-07,25902.0,25030.5,25466.30078125,25659.900390625,191491.0,25659.900390625,25727.7,25206.037353515625,24483.4498046875,22491.9765625,22365.564366319446,22783.27490234375,22119.579931640626
2010-06-08,26337.69921875,25417.80078125,25659.900390625,26144.099609375,131797.0,26144.099609375,26085.980078125,25490.474853515625,24909.4998046875,22656.589908854166,22384.93103298611,22847.82822265625,22228.110758463543
2010-06-09,26434.599609375,24740.0,26144.099609375,24740.0,163012.0,24740.0,25892.319921875,25484.412353515625,25253.23984375,22780.853255208334,22381.702126736112,22887.366569010417,22324.940755208332
2010-06-10,28419.599609375,25321.0,25321.0,28371.19921875,677383.0,28371.19921875,26279.63984375,25986.724853515625,25703.4998046875,23032.613216145834,22523.71987847222,22981.7765625,22449.609912109376
2010-06-11,29678.400390625,27257.599609375,27887.0,29000.599609375,664904.0,29000.599609375,26783.159765625,26567.71240234375,26124.709765625,23302.123177083333,22693.71098090278,23081.834895833334,22573.47157389323
2010-06-14,30743.5,29000.599609375,29533.099609375,30210.900390625,387167.0,30210.900390625,27693.359765625,27130.537353515625,26710.5298828125,23623.273177083334,22870.15542534722,23188.34658203125,22698.139908854166
2010-06-15,30453.0,29145.80078125,30017.30078125,30017.30078125,213164.0,30017.30078125,28468.0,27578.375,27276.9900390625,23939.5865234375,23050.90434027778,23294.859928385416,22820.791585286457
2010-06-16,33648.3984375,29726.80078125,30307.80078125,31566.5,864098.0,31566.5,29833.3,28213.8125,27862.8099609375,24265.5798828125,23253.171006944445,23405.406608072917,22958.370751953124
2010-06-17,32970.6015625,31179.19921875,31615.0,31469.69921875,263475.0,31469.69921875,30453.0,28940.037353515625,28366.319921875,24594.799869791666,23465.119878472222,23509.498274739584,23093.529077148436
2010-06-18,31857.0,29726.80078125,31469.69921875,30356.19921875,244742.0,30356.19921875,30724.119921875,29466.5498046875,28753.63984375,24877.219856770833,23653.399869791665,23600.679915364584,23217.390738932292
2010-06-21,32922.19921875,30840.30078125,30888.69921875,32922.19921875,389198.0,32922.19921875,31266.3796875,30489.32470703125,29479.8697265625,25256.469856770833,23909.46206597222,23737.856575520833,23367.074064127602
2010-06-22,33745.19921875,32534.80078125,32631.69921875,33019.0,192383.0,33019.0,31866.71953125,31070.2998046875,30167.359765625,25671.223177083335,24163.370963541667,23889.556575520834,23512.319067382814
2010-06-23,34180.8984375,32534.80078125,32583.30078125,33600.0,200275.0,33600.0,32273.41953125,31645.224853515625,31053.359765625,26087.5931640625,24444.177647569446,24038.029915364583,23657.967399088542
2010-06-24,35197.69921875,31953.900390625,33890.5,33019.0,451972.0,33019.0,32583.2796875,31996.2373046875,31518.13984375,26439.409830729168,24713.148741319445,24188.9232421875,23801.598234049477
2010-06-25,33842.0,32292.80078125,32825.30078125,32680.099609375,184663.0,32680.099609375,33048.059765625,32329.087158203125,31886.08984375,26800.909830729168,24958.45095486111,24309.961555989583,23939.98406575521
2010-06-28,33551.6015625,31663.400390625,32680.099609375,31663.400390625,168786.0,31663.400390625,32796.3,32341.19970703125,32031.33984375,27118.8365234375,25189.766536458334,24420.509895833333,24059.811572265626
2010-06-29,32002.30078125,30259.30078125,31760.19921875,30549.80078125,250485.0,30549.80078125,32302.46015625,32226.21240234375,32084.58984375,27383.503190104166,25397.41323784722,24508.463248697917,24170.35908203125
2010-06-30,32002.30078125,29726.80078125,29920.400390625,32002.30078125,212726.0,32002.30078125,31982.9203125,32431.97509765625,32128.169921875,27730.4765625,25641.639930555557,24627.079915364582,24283.73076171875
2010-07-01,33357.8984375,31615.0,31663.400390625,31953.900390625,247552.0,31953.900390625,31769.900390625,32310.937744140625,32176.5900390625,28070.996549479165,25889.09548611111,24793.304915364584,24399.11993815104
2010-07-02,33454.69921875,31857.0,31857.0,32825.30078125,253907.0,32825.30078125,31798.940625,32286.725341796875,32423.5001953125,28417.969921875,26153.762152777777,24984.54326171875,24511.684114583335
2010-07-05,33164.19921875,32341.19921875,33164.19921875,32583.30078125,87941.0,32583.30078125,31982.920703125,32159.637939453125,32389.6103515625,28784.3099609375,26420.582161458333,25156.4166015625,24621.828287760418
2010-07-06,32873.69921875,31276.099609375,32099.099609375,32873.69921875,121689.0,32873.69921875,32447.700390625,32141.475341796875,32375.0802734375,29150.646614583333,26694.933246527777,25339.584928385415,24733.182454427082
2010-07-07,35246.1015625,32776.8984375,32922.19921875,35004.0,339527.0,35004.0,33048.040234375,32431.962890625,32515.4802734375,29607.3599609375,26988.651041666668,25548.576595052084,24859.868294270833
2010-07-08,35923.8984375,34519.8984375,35052.3984375,35875.5,188588.0,35875.5,33832.36015625,32958.475341796875,32801.1302734375,30007.589973958333,27306.03771701389,25780.96826171875,24969.205794270834
2010-07-09,36989.0,35246.1015625,35875.5,36408.0,211534.0,36408.0,34548.9,33690.750244140625,33173.9203125,30394.906640625,27628.80217013889,26023.0416015625,25054.73829752604
2010-07-12,37424.80078125,36117.5,36408.0,36408.0,166499.0,36408.0,35313.83984375,34241.462646484375,33648.3802734375,30796.75,27959.097743055554,26273.184928385417,25151.567464192707
2010-07-13,36795.3984375,35149.19921875,36795.3984375,36262.80078125,181024.0,36262.80078125,35991.66015625,34780.0751953125,34219.6802734375,31193.753385416665,28307.68441840278,26517.679947916666,25252.02830403646
2010-07-14,37037.3984375,35149.19921875,36795.3984375,35149.19921875,176297.0,35149.19921875,36020.7,35070.5625,34534.3701171875,31508.45,28619.691059027777,26754.104947916665,25312.949967447916
2010-07-15,35923.8984375,34423.0,35149.19921875,35923.8984375,150683.0,35923.8984375,36030.3796875,35488.13720703125,34931.369921875,31824.7599609375,28918.788802083334,27004.2482421875,25374.27578125
2010-07-16,36117.5,35052.3984375,35730.19921875,35342.8984375,94207.0,35342.8984375,35817.359375,35796.787109375,35183.1296875,32120.089908854166,29218.962109375,27232.6048828125,25443.670768229167
2010-07-19,35633.3984375,34374.6015625,34858.80078125,35004.0,82986.0,35004.0,35536.559375,35796.787109375,35425.199609375,32431.559895833332,29505.148784722223,27461.768229166668,25505.399934895835
2010-07-20,37085.80078125,34858.80078125,34858.80078125,36359.6015625,227571.0,36359.6015625,35555.91953125,35857.2998046875,35773.78984375,32772.07662760417,29810.699913194443,27714.333268229166,25611.509114583332
2010-07-21,36698.5,35197.69921875,36408.0,35342.8984375,121059.0,35342.8984375,35594.659375,35724.162109375,35807.6796875,33125.506575520834,30116.250998263888,27953.179915364584,25705.91826171875
2010-07-22,35778.6015625,30065.69921875,35342.8984375,31760.19921875,818855.0,31760.19921875,34761.91953125,35143.18701171875,35396.149609375,33238.4732421875,30338.959852430555,28135.543229166666,25755.13992513021
2010-07-23,32438.0,28903.69921875,32147.5,30743.5,473553.0,30743.5,33842.03984375,34453.2744140625,34829.699609375,33296.569921875,30524.013194444444,28299.346549479167,25793.46826171875
2010-07-26,32534.80078125,31082.400390625,31372.900390625,31905.400390625,214908.0,31905.400390625,33222.319921875,34047.799560546875,34379.4396484375,33353.05325520833,30753.175434027777,28488.163216145833,25841.4791015625
2010-07-27,33212.69921875,31566.5,32099.099609375,31760.19921875,142790.0,31760.19921875,32302.439453125,33527.337158203125,33929.1794921875,33411.14986979167,30972.65542534722,28675.368196614585,25883.439095052083
2010-07-28,31905.400390625,29581.5,31663.400390625,30114.099609375,250104.0,30114.099609375,31256.6796875,32873.7373046875,33425.66953125,33362.7365234375,31168.466536458334,28814.158203125,25919.749918619793
2010-07-29,31179.19921875,29436.30078125,29920.400390625,29436.30078125,247321.0,29436.30078125,30791.9,32177.77490234375,32776.909765625,33294.95657552083,31292.193229166667,28944.87822265625,25949.20242513021
2010-07-30,29726.80078125,27644.900390625,29436.30078125,27790.19921875,215800.0,27790.19921875,30201.23984375,31106.599609375,32021.63984375,33209.4232421875,31358.89765625,29043.321549479166,25981.075748697916
2010-08-02,29387.900390625,27887.0,27887.0,28564.80078125,160748.0,28564.80078125,29533.119921875,30259.33740234375,31377.719921875,33064.17662760417,31452.499913194446,29160.3232421875,26048.049918619792
2010-08-03,30501.400390625,28129.099609375,28758.5,30017.30078125,197904.0,30017.30078125,29184.540234375,30041.47509765625,30743.48984375,32964.11998697917,31578.379947916666,29317.67158203125,26120.269091796876
2010-08-04,30985.599609375,29678.400390625,30210.900390625,30065.69921875,95995.0,30065.69921875,29174.86015625,29956.75,30215.769921875,32846.3099609375,31675.211024305554,29466.9515625,26202.978255208334
2010-08-05,30840.30078125,29194.19921875,30114.099609375,29242.599609375,90402.0,29242.599609375,29136.119921875,29623.89990234375,29964.0099609375,32720.429947916666,31737.611024305555,29579.919889322915,26272.372412109376
2010-08-06,32099.099609375,30307.80078125,30695.099609375,31227.599609375,249699.0,31227.599609375,29823.6,29557.324951171875,30012.419921875,32672.01328125,31843.046571180555,29736.461555989583,26338.53907877604
2010-08-09,35875.5,31227.599609375,31227.599609375,35875.5,592068.0,35875.5,31285.73984375,30277.5,30409.4298828125,32812.4166015625,32070.059895833332,29965.6265625,26445.052408854168
2010-08-10,35439.69921875,33600.0,35149.19921875,33987.30078125,354710.0,33987.30078125,32079.73984375,30846.375,30632.1400390625,32926.99993489583,32244.353255208334,30155.2515625,26530.5857421875
2010-08-11,35585.0,33309.5,33890.5,33938.8984375,365335.0,33938.8984375,32854.3796875,31614.96240234375,31014.619921875,32991.55319010417,32448.77322048611,30361.014876302084,26606.8390625
2010-08-12,34277.80078125,31227.599609375,33115.80078125,31469.69921875,209625.0,31469.69921875,33299.799609375,31978.07470703125,31217.959765625,32975.41315104167,32517.628776041667,30523.204850260416,26666.147395833334
2010-08-13,32922.19921875,31082.400390625,31760.19921875,32438.0,120941.0,32438.0,33541.8796875,32280.662109375,31682.73984375,32962.503125,32594.01545138889,30690.2365234375,26732.718229166665
2010-08-16,32873.69921875,31518.099609375,32050.69921875,31566.5,109684.0,31566.5,32680.0796875,32468.26220703125,31982.909765625,32928.609765625,32624.139887152778,30856.45986328125,26783.957389322917
2010-08-17,34277.80078125,31421.30078125,32244.400390625,33309.5,328176.0,33309.5,32544.51953125,32976.624755859375,32312.1296875,32943.136458333334,32697.299869791666,31046.891536458334,26822.689892578124
2010-08-18,34132.5,32438.0,33212.69921875,32438.0,262042.0,32438.0,32244.33984375,33127.9248046875,32549.359765625,32857.603125,32716.666536458335,31232.48154296875,26889.6640625
2010-08-19,34326.19921875,32341.19921875,32922.19921875,33842.0,199974.0,33842.0,32718.8,32873.7373046875,33009.2998046875,32789.81979166667,32769.38433159722,31398.7048828125,26975.59990234375
2010-08-20,36214.3984375,33357.8984375,33890.5,34665.1015625,374600.0,34665.1015625,33164.2203125,32958.46240234375,33353.05,32731.723177083335,32865.13771701389,31563.314908854165,27071.6232421875
2010-08-23,35730.19921875,33890.5,35294.5,33890.5,202403.0,33890.5,33629.0203125,32952.41259765625,33154.55,32647.806510416667,32886.65551215278,31722.278255208334,27158.367415364584
2010-08-24,33648.3984375,32244.400390625,33600.0,32631.69921875,189550.0,32631.69921875,33493.46015625,33097.66259765625,33018.98984375,32526.769791666666,32878.048828125,31860.261588541667,27242.69073893229
2010-08-25,33503.1015625,31953.900390625,32341.19921875,32050.69921875,148129.0,32050.69921875,33416.0,33049.25,32830.169921875,32423.486458333333,32843.619921875,31965.968229166665,27316.52322591146
2010-08-26,32341.19921875,28177.5,32195.900390625,29533.099609375,250868.0,29533.099609375,32554.219921875,32795.074951171875,32636.5099609375,32210.459830729167,32766.15546875,32017.609895833335,27359.289892578126
2010-08-27,30937.099609375,29436.30078125,29533.099609375,29823.599609375,132416.0,29823.599609375,31585.91953125,32359.33740234375,32375.069921875,32026.483203125,32702.67769097222,32073.286555989584,27409.318229166667
2010-08-30,30791.900390625,30210.900390625,30307.80078125,30501.400390625,43922.0,30501.400390625,30908.099609375,32117.262451171875,32268.5599609375,31876.396549479166,32676.85546875,32153.97822265625,27468.6265625
2010-08-31,31276.099609375,30210.900390625,30210.900390625,30791.900390625,69801.0,30791.900390625,30540.13984375,31736.0,32016.8,31690.806510416667,32682.235460069445,32231.441569010418,27539.634895833333
2010-09-01,31566.5,29629.900390625,31276.099609375,29775.19921875,119200.0,29775.19921875,30085.03984375,31124.76220703125,31750.519921875,31505.216536458334,32632.74431423611,32315.361555989584,27601.3640625
2010-09-02,30453.0,29436.30078125,30453.0,29726.80078125,66957.0,29726.80078125,30123.780078125,30604.2998046875,31339.0,31437.436588541666,32583.253211805557,32337.954915364582,27659.86573893229
2010-09-03,30598.19921875,29726.80078125,29726.80078125,29968.80078125,65974.0,29968.80078125,30152.8203125,30271.4375,30869.369921875,31411.61328125,32519.77543402778,32354.0916015625,27717.963248697917
2010-09-06,30840.30078125,30162.5,30162.5,30307.80078125,56144.0,30307.80078125,30114.100390625,30053.5751953125,30511.1,31358.3599609375,32469.20876736111,32355.706608072916,27772.026595052084
2010-09-07,30791.900390625,29145.80078125,30162.5,29581.5,120981.0,29581.5,29872.0203125,30059.625244140625,30206.080078125,31285.736653645832,32396.04878472222,32348.44326171875,27821.651595052084
2010-09-08,29678.400390625,28371.19921875,29436.30078125,28952.099609375,98821.0,28952.099609375,29707.400390625,29950.687744140625,29896.2201171875,31247.0033203125,32261.562109375,32304.869921875,27855.138264973957
2010-09-09,29823.599609375,28516.400390625,28516.400390625,29775.19921875,66878.0,29775.19921875,29717.080078125,29859.91259765625,29920.430078125,31258.299934895833,32125.999869791667,32276.628255208332,27893.06326497396
2010-09-10,30695.099609375,29823.599609375,30017.30078125,29968.80078125,81013.0,29968.80078125,29717.080078125,29757.025146484375,29934.9501953125,31330.919986979166,31982.906553819445,32270.171614583334,27935.42576497396
2010-09-13,30453.0,29581.5,29775.19921875,29775.19921875,50515.0,29775.19921875,29610.559765625,29757.025146484375,29862.330078125,31371.2666015625,31835.510980902778,32217.721614583334,27977.789095052085
2010-09-14,30017.30078125,29145.80078125,29629.900390625,29678.400390625,61097.0,29678.400390625,29629.93984375,29750.97509765625,29750.980078125,31359.969921875,31689.190972222223,32162.044954427085,28025.80076497396
2010-09-15,30840.30078125,30017.30078125,30065.69921875,30259.30078125,107625.0,30259.30078125,29891.380078125,29787.28759765625,29799.390234375,31366.423307291665,31580.5265625,32106.366634114584,28072.198274739585
2010-09-16,30501.400390625,29581.5,30453.0,29726.80078125,62167.0,29726.80078125,29881.700390625,29714.66259765625,29799.390234375,31382.563346354167,31442.81328125,32051.496647135416,28120.20994466146
2010-09-17,30791.900390625,29484.69921875,29726.80078125,30646.69921875,109788.0,30646.69921875,30017.280078125,29847.8125,29867.180078125,31363.2,31338.45329861111,32017.606640625,28163.784098307293
2010-09-20,31760.19921875,30646.69921875,30840.30078125,31663.400390625,91625.0,31663.400390625,30394.9203125,30186.72509765625,30002.7400390625,31222.7966796875,31264.217751736112,32017.606640625,28219.058268229168
2010-09-24,32147.5,31082.400390625,31421.30078125,32147.5,81772.0,32147.5,30888.740234375,30483.2626953125,30259.3400390625,31161.469986979166,31170.615494791666,32044.2349609375,28276.34910481771
2010-09-27,32341.19921875,31663.400390625,32195.900390625,32050.69921875,52736.0,32050.69921875,31247.019921875,30743.5,30569.2,31098.530013020834,31097.455512152777,32045.0416015625,28336.06075846354
2010-09-28,33067.3984375,31566.5,31760.19921875,32825.30078125,87501.0,32825.30078125,31866.719921875,31124.7626953125,30874.21015625,31143.716731770834,31121.12443576389,32059.56494140625,28426.434928385417
2010-09-29,33745.19921875,32728.5,33067.3984375,32776.8984375,97616.0,32776.8984375,32292.759765625,31512.074951171875,31155.019921875,31155.013346354168,31166.311067708335,32058.758235677084,28521.650748697917
2010-09-30,33309.5,32776.8984375,33261.1015625,32922.19921875,62402.0,32922.19921875,32544.51953125,31844.937255859375,31469.719921875,31200.2033203125,31188.906597222223,32064.40654296875,28610.411572265624
2010-10-01,32970.6015625,31857.0,32728.5,32195.900390625,63250.0,32195.900390625,32554.199609375,32153.57470703125,31721.469921875,31163.083333333332,31198.588845486112,32053.109895833335,28696.347412109375
2010-10-04,32728.5,31130.80078125,32728.5,31518.099609375,60484.0,31518.099609375,32447.6796875,32262.499755859375,31847.3498046875,31132.419986979166,31229.78884548611,31995.011555989582,28771.794075520833
2010-10-05,32002.30078125,31179.19921875,31179.19921875,31953.900390625,32746.0,31953.900390625,32273.399609375,32298.812255859375,32070.059765625,31069.483333333334,31285.73550347222,31929.6515625,28855.309912109376
2010-10-06,32389.599609375,31566.5,32002.30078125,31760.19921875,31409.0,31760.19921875,32070.059765625,32250.399658203125,32181.409765625,30972.653255208334,31373.957725694443,31852.188216145834,28937.614908854168
2010-10-07,33357.8984375,31953.900390625,31953.900390625,32776.8984375,91425.0,32776.8984375,32040.999609375,32341.174560546875,32292.7595703125,30935.533203125,31467.559895833332,31791.669856770834,29032.427392578124
2010-10-08,33261.1015625,32292.80078125,32922.19921875,33212.69921875,52856.0,33212.69921875,32244.359375,32389.599365234375,32399.2794921875,30954.899869791665,31538.56875,31740.834830729167,29129.257389322916
2010-10-11,33696.80078125,32002.30078125,33600.0,32534.80078125,56213.0,32534.80078125,32447.699609375,32359.337158203125,32447.6896484375,30971.036588541665,31593.43767361111,31697.2615234375,29225.683235677083
2010-10-12,32728.5,32050.69921875,32438.0,32486.400390625,31602.0,32486.400390625,32554.199609375,32304.8623046875,32413.799609375,31069.479947916665,31665.522135416668,31639.969889322918,29322.10906575521
2010-10-13,33503.1015625,32583.30078125,32583.30078125,32776.8984375,96515.0,32776.8984375,32757.539453125,32377.487060546875,32413.799609375,31167.9232421875,31699.95099826389,31597.20322265625,29414.904052734375
2010-10-14,33115.80078125,32099.099609375,32631.69921875,32389.599609375,51723.0,32389.599609375,32680.0796875,32486.424560546875,32360.5396484375,31230.863216145834,31622.48654513889,31553.6298828125,29507.699055989582
2010-10-15,33067.3984375,32244.400390625,32534.80078125,32922.19921875,56937.0,32922.19921875,32621.9796875,32607.4619140625,32433.16953125,31301.873177083333,31598.817621527778,31496.33984375,29605.336555989583
2010-10-18,35149.19921875,33406.30078125,33406.30078125,34132.5,248294.0,34132.5,32941.51953125,32903.99951171875,32694.6095703125,31447.116536458332,31603.119878472222,31476.166536458335,29714.673225911458
2010-10-19,34423.0,33357.8984375,34423.0,33696.80078125,60546.0,33696.80078125,33183.599609375,33018.9873046875,32868.899609375,31579.449869791668,31652.611024305555,31508.443229166667,29821.993229166666
2010-10-20,34471.3984375,33067.3984375,33309.5,34277.80078125,93652.0,34277.80078125,33483.780078125,33152.125,33120.659765625,31723.083203125,31693.49548611111,31567.3482421875,29933.347395833334
2010-10-21,36698.5,34713.5,34955.6015625,35052.3984375,332119.0,35052.3984375,34016.33984375,33466.82470703125,33348.209765625,31881.236458333333,31770.959895833334,31619.798209635417,30053.980712890625
2010-10-22,35294.5,33454.69921875,35052.3984375,33890.5,148731.0,33890.5,34210.0,33642.337158203125,33415.98984375,32024.869791666668,31783.871006944446,31655.30322265625,30165.335709635416
2010-10-25,38974.0,33890.5,34084.1015625,38974.0,569798.0,38974.0,35178.3,34416.974853515625,34059.909765625,32358.933138020835,31929.11545138889,31802.968229166665,30308.563216145834
2010-10-26,40959.0,38199.3984375,38974.0,39312.8984375,400580.0,39312.8984375,36301.51953125,35282.38720703125,34742.5595703125,32676.8564453125,32050.690972222223,31967.578190104166,30456.22820638021
2010-10-27,41152.69921875,39216.1015625,39555.0,40378.1015625,182543.0,40378.1015625,37521.5796875,36214.375,35502.6798828125,33023.83313802083,32177.64652777778,32177.3765625,30610.349055989584
2010-10-28,42363.1015625,39651.80078125,40620.1015625,40378.1015625,195822.0,40378.1015625,38586.7203125,36995.0751953125,36301.530078125,33377.26321614583,32321.815451388888,32374.264908854166,30767.294075520833
2010-10-29,41685.30078125,39893.8984375,41104.30078125,41249.5,126839.0,41249.5,40058.5203125,37939.16259765625,37134.26015625,33762.966536458334,32513.322135416667,32561.468229166665,30939.569905598957
2010-11-01,42411.5,40668.6015625,41927.30078125,41588.3984375,134091.0,41588.3984375,40581.4,38852.9873046875,37879.85,34140.603125,32725.271006944444,32753.513216145835,31110.232389322915
2010-11-02,43089.30078125,39893.8984375,41443.19921875,41540.0,214714.0,41540.0,41026.8203125,39663.9375,38664.169921875,34534.37643229167,32992.091015625,32958.469889322914,31269.194889322916
2010-11-03,42556.69921875,40620.1015625,42121.0,40620.1015625,96432.0,40620.1015625,41075.2203125,40505.1376953125,39298.4,34866.82317708333,33232.01328125,33115.01158854167,31425.736572265625
2010-11-04,41443.19921875,39942.30078125,40281.19921875,40620.1015625,94968.0,40620.1015625,41123.6203125,40710.900390625,39855.1703125,35165.3798828125,33456.873307291666,33194.08828125,31579.857421875
2010-11-05,41394.80078125,38635.1015625,40910.6015625,38828.80078125,126802.0,38828.80078125,40639.48046875,40650.38818359375,40349.000390625,35388.08990885417,33635.47109375,33274.779947916664,31715.015755208333
2010-11-08,39167.69921875,37908.8984375,38441.5,38974.0,69985.0,38974.0,40116.60078125,40474.87548828125,40349.000390625,35618.8666015625,33839.88888888889,33358.69830729167,31859.856591796874
2010-11-09,39990.69921875,38586.69921875,38586.69921875,39700.30078125,45161.0,39700.30078125,39748.6609375,40390.150390625,40387.740625,35848.03326822917,34061.52222222222,33495.875,32009.539925130208
2010-11-10,40329.6015625,38877.19921875,39458.19921875,39216.1015625,48126.0,39216.1015625,39467.8609375,40135.9755859375,40271.540625,36062.67337239583,34267.01779513889,33608.843359375,32149.53994140625
2010-11-11,39651.80078125,37957.30078125,39216.1015625,38538.30078125,72761.0,38538.30078125,39051.50078125,39754.71337890625,40087.560546875,36249.8767578125,34449.91779513889,33725.0400390625,32290.749951171874
2010-11-12,39603.3984375,36795.3984375,38828.80078125,37473.19921875,80137.0,37473.19921875,38780.38046875,39246.36328125,39709.93046875,36425.78671875,34625.28888888889,33794.43502604167,32420.66328125
2010-11-15,37376.30078125,34665.1015625,37085.80078125,35875.5,109546.0,35875.5,38160.68046875,38653.2880859375,39138.640625,36571.0333984375,34779.14223090278,33851.72669270833,32542.104117838542
2010-11-16,36456.5,34713.5,35633.3984375,36020.69921875,72518.0,36020.69921875,37424.76015625,38078.36279296875,38586.710546875,36706.593359375,34917.93111979167,33888.038346354166,32643.371614583335
2010-11-17,35730.19921875,34955.6015625,35149.19921875,35052.3984375,70222.0,35052.3984375,36592.01953125,37606.3125,38029.940234375,36816.333333333336,35030.89995659722,33894.49329427083,32728.9041015625
2010-11-18,35923.8984375,34471.3984375,34471.3984375,35149.19921875,64218.0,35149.19921875,35914.19921875,37128.21240234375,37482.85,36895.41002604167,35150.32217881944,33915.47161458333,32818.87493489583
2010-11-19,37473.19921875,34665.1015625,35149.19921875,37473.19921875,97876.0,37473.19921875,35914.19921875,36849.82470703125,37347.28984375,37037.42669270833,35323.539930555555,33996.16328125,32928.21243489583
2010-11-22,38344.6015625,36020.69921875,37473.19921875,36746.8984375,54989.0,36746.8984375,36088.47890625,36541.17431640625,37124.5796875,37177.82994791667,35467.70876736111,34074.433268229164,33020.20074869792
2010-11-23,38296.19921875,36456.5,36746.8984375,37860.5,62975.0,37860.5,36456.4390625,36456.44921875,36940.599609375,37356.9666015625,35648.45763888889,34213.22327473958,33115.41658528646
2010-11-24,38054.1015625,35827.1015625,35827.1015625,37715.19921875,77527.0,37715.19921875,36988.99921875,36486.69921875,36790.509375,37521.57662760417,35805.535416666666,34344.74993489583,33209.018245442705
2010-11-25,41346.3984375,37957.30078125,38199.3984375,39216.1015625,263004.0,39216.1015625,37802.3796875,36904.2744140625,36858.289453125,37749.126692708334,35973.37322048611,34489.994954427086,33321.986588541666
2010-11-26,39603.3984375,36214.3984375,39216.1015625,37085.80078125,113234.0,37085.80078125,37724.9,37037.412109375,36819.549609375,37887.913411458336,36083.113237847225,34594.893294270834,33413.16743164063
2010-11-29,37376.30078125,36262.80078125,36504.8984375,36795.3984375,67462.0,36795.3984375,37734.6,37255.287109375,36911.539453125,37976.67669270833,36188.55099826389,34711.89661458333,33513.629085286455
2010-11-30,39119.30078125,36843.80078125,36843.80078125,39119.30078125,110756.0,39119.30078125,37986.36015625,37751.5498046875,37221.399609375,38157.42669270833,36328.41766493056,34868.43828125,33603.196598307295
2010-12-01,39361.30078125,38393.1015625,39070.8984375,39167.69921875,35516.0,39167.69921875,38276.86015625,37963.3623046875,37632.9296875,38320.42330729167,36470.43546006944,35021.753255208336,33687.92242838542
2010-12-02,40474.8984375,38635.1015625,39797.1015625,40184.3984375,111717.0,40184.3984375,38470.51953125,38393.0498046875,38136.449609375,38491.489973958334,36631.81766493055,35186.36321614583,33771.034912109375
2010-12-03,40717.0,39700.30078125,40281.19921875,40474.8984375,49435.0,40474.8984375,39148.3390625,38719.849609375,38436.61953125,38710.969921875,36815.795399305556,35367.91985677083,33858.18155924479
2010-12-06,41007.5,39942.30078125,40668.6015625,40087.6015625,45242.0,40087.6015625,39806.7796875,39016.39990234375,38770.68984375,38748.08997395833,37006.228776041666,35553.511555989586,33929.190738932295
2010-12-07,40620.1015625,39119.30078125,39845.5,39458.19921875,53764.0,39458.19921875,39874.559375,39046.662109375,38930.459765625,38752.933333333334,37172.99097222222,35714.89488932292,33995.76157226563
2010-12-08,40329.6015625,38683.5,39458.19921875,39312.8984375,59098.0,39312.8984375,39903.59921875,39325.04931640625,39090.2296875,38717.4265625,37340.82873263889,35870.62985026042,34070.40073242188
2010-12-09,43379.80078125,39555.0,39555.0,42459.8984375,287228.0,42459.8984375,40358.69921875,40033.11181640625,39414.609375,38786.81979166667,37556.006510416664,36082.04150390625,34149.88155924479
2010-12-10,42798.80078125,41782.1015625,42411.5,42217.80078125,52843.0,42217.80078125,40707.2796875,40420.42431640625,39927.809375,38819.096484375,37756.11987847222,36291.031510416666,34226.53823242187
2010-12-13,44348.1015625,42411.5,42556.69921875,43428.19921875,104336.0,43428.19921875,41375.39921875,40952.98681640625,40591.089453125,38880.423177083336,37998.19539930556,36510.51315104167,34308.43989257813
2010-12-14,44299.69921875,42314.69921875,43767.1015625,42459.8984375,122413.0,42459.8984375,41975.7390625,41237.42431640625,40925.14921875,38911.08645833333,38219.828689236114,36722.7314453125,34387.11404622396
2010-12-15,43428.19921875,41685.30078125,42314.69921875,43428.19921875,56905.0,43428.19921875,42798.79921875,41606.5869140625,41351.19921875,39004.689713541666,38456.52426215278,36935.7564453125,34476.68154296875
2010-12-16,44299.69921875,43040.8984375,43428.19921875,44009.19921875,63769.0,44009.19921875,43108.659375,42096.78662109375,41733.679296875,39117.65963541667,38714.73758680555,37141.519759114584,34579.56319986979
2010-12-17,44154.3984375,42363.1015625,43186.1015625,43283.0,104689.0,43283.0,43321.69921875,42574.88671875,42014.489453125,39266.13294270833,38944.97760416667,37327.11142578125,34685.67319335938
2010-12-20,42508.30078125,39119.30078125,42508.30078125,40765.3984375,206604.0,40765.3984375,42789.1390625,42756.44921875,42082.269140625,39325.84622395833,39092.37534722222,37472.35641276042,34758.69900716146
2010-12-21,41733.69921875,40474.8984375,41201.1015625,40668.6015625,127419.0,40668.6015625,42430.8796875,42532.537109375,42203.309375,39358.12291666667,39247.30425347222,37603.07809244792,34831.321516927084
2010-12-22,41104.30078125,38877.19921875,40862.19921875,39506.6015625,89576.0,39506.6015625,41646.56015625,42193.63720703125,42222.6796875,39367.80625,39363.49982638889,37715.23981119792,34886.9990234375
2010-12-23,40959.0,39167.69921875,39216.1015625,40426.5,47784.0,40426.5,40930.0203125,41818.4248046875,42019.33984375,39430.74622395833,39482.924305555556,37840.31149088542,34952.35901692708
2010-12-24,41830.5,40184.3984375,40959.0,41636.8984375,88503.0,41636.8984375,40600.8,41715.5498046875,41961.249609375,39569.53619791667,39655.06649305556,37997.661458333336,35025.38567708333
2010-12-27,43137.69921875,41007.5,41443.19921875,41636.8984375,125435.0,41636.8984375,40775.1,41491.63720703125,41782.11953125,39761.5828125,39714.24201388889,38166.30810546875,35080.659830729164
2010-12-28,41830.5,39990.69921875,41636.8984375,41540.0,77555.0,41540.0,40949.3796875,41182.9873046875,41690.1296875,39945.55950520833,39763.73315972222,38326.076432291666,35127.863997395834
2010-12-29,43912.3984375,41636.8984375,41636.8984375,42314.69921875,210975.0,42314.69921875,41510.99921875,41061.94970703125,41578.7796875,40187.63619791667,39806.768663194445,38501.984765625,35177.08649088542
2010-12-30,43670.30078125,40813.80078125,43283.0,42266.19921875,150119.0,42266.19921875,41878.9390625,41249.5498046875,41404.4796875,40424.86953125,39848.72638888889,38660.13977864583,35225.90481770833
2011-01-03,45849.0,43089.30078125,43476.6015625,43089.30078125,163729.0,43089.30078125,42169.41953125,41552.13720703125,41385.109765625,40612.072916666664,39889.610850694444,38824.7498046875,35282.792317708336
2011-01-04,43573.3984375,41394.80078125,43379.80078125,41443.19921875,140667.0,41443.19921875,42130.6796875,41794.2119140625,41452.88984375,40768.61627604167,39886.384201388886,38973.22311197917,35335.24231770833
2011-01-05,41975.80078125,40813.80078125,41636.8984375,40910.6015625,83644.0,40910.6015625,42004.8,41854.724609375,41477.08984375,40870.286328125,39872.397569444445,39113.62646484375,35376.798177083336
2011-01-06,41201.1015625,39651.80078125,41152.69921875,39990.69921875,157915.0,39990.69921875,41540.0,41648.94970703125,41525.499609375,40946.136328125,39858.41085069445,39233.85647786458,35415.52985026042
2011-01-07,40426.5,38877.19921875,40329.6015625,39022.3984375,157516.0,39022.3984375,40891.23984375,41322.13720703125,41385.089453125,40939.67955729167,39822.90633680556,39344.403125,35449.01650390625
2011-01-10,39797.1015625,38489.8984375,39022.3984375,39458.19921875,115906.0,39458.19921875,40165.01953125,41061.912109375,41167.21953125,41018.759505208334,39836.89296875,39453.33645833333,35474.838151041666
2011-01-11,39990.69921875,39070.8984375,39312.8984375,39893.8984375,71533.0,39893.8984375,39855.159375,40759.31201171875,40992.91953125,41122.04283854167,39857.33515625,39549.359765625,35512.76315104167
2011-01-12,42605.1015625,39458.19921875,39797.1015625,40378.1015625,437785.0,40378.1015625,39748.659375,40523.2998046875,40876.7296875,41164.00286458333,39872.39739583333,39660.71477864583,35584.57900390625
2011-01-13,40862.19921875,38780.3984375,40668.6015625,39409.80078125,211651.0,39409.80078125,39632.4796875,40063.3623046875,40586.23984375,41172.072916666664,39876.701822916664,39746.24811197917,35656.798177083336
2011-01-14,40184.3984375,38925.6015625,39458.19921875,39506.6015625,87770.0,39506.6015625,39729.3203125,39821.28759765625,40310.280078125,41149.4796875,39898.219618055555,39820.48483072917,35720.14152018229
2011-01-17,40862.19921875,38732.0,39216.1015625,38925.6015625,160326.0,38925.6015625,39622.80078125,39573.16259765625,39893.91015625,41097.83645833333,39930.495225694445,39904.40319010417,35779.853206380205
2011-01-18,40136.0,38683.5,38732.0,39409.80078125,91518.0,39409.80078125,39525.98125,39500.55029296875,39690.5703125,41075.24309895833,40009.03524305556,39911.66653645833,35857.3173828125
2011-01-19,39748.69921875,38586.69921875,39700.30078125,39409.80078125,110690.0,39409.80078125,39332.32109375,39548.9755859375,39540.490234375,41073.62981770833,40084.34861111111,39913.281575520836,35940.4298828125
2011-01-20,40910.6015625,39216.1015625,39700.30078125,39893.8984375,138823.0,39893.8984375,39429.140625,39603.43798828125,39530.81015625,41092.996484375,40191.9375,39905.2115234375,36041.29404296875
2011-01-21,41249.5,39119.30078125,41104.30078125,39700.30078125,100577.0,39700.30078125,39467.88046875,39579.23828125,39598.600390625,41001.00989583333,40293.07309027778,39893.91484375,36134.08987630208
2011-01-24,40184.3984375,38974.0,39700.30078125,39167.69921875,56008.0,39167.69921875,39516.3,39427.93798828125,39569.550390625,40899.33984375,40330.72864583333,39859.2181640625,36210.34319661458
2011-01-25,41249.5,39216.1015625,39216.1015625,39409.80078125,304568.0,39409.80078125,39516.3,39427.93798828125,39521.140625,40765.393229166664,40389.904253472225,39822.908203125,36288.210709635416
2011-01-26,39797.1015625,37715.19921875,39603.3984375,37860.5,326297.0,37860.5,39206.43984375,39222.17529296875,39269.38046875,40612.07994791667,40389.904253472225,39761.583203125,36360.026546223955
2011-01-27,39361.30078125,37570.0,38151.0,38538.30078125,189884.0,38538.30078125,38935.3203125,39173.7626953125,39182.23046875,40449.083333333336,40408.19539930556,39726.8865234375,36420.949055989586
2011-01-28,39216.1015625,37763.69921875,38538.30078125,38393.1015625,91342.0,38393.1015625,38673.88046875,39046.67529296875,39070.88046875,40261.880078125,40389.906510416666,39689.769856770836,36441.92906901042
2011-01-31,38199.3984375,36504.8984375,38151.0,36504.8984375,105065.0,36504.8984375,38141.3203125,38683.5625,38828.81015625,40035.943359375,40376.997569444444,39651.03815104167,36462.90904947917
2011-02-01,36989.0,36311.19921875,36795.3984375,36504.8984375,66350.0,36504.8984375,37560.33984375,38259.9375,38538.319921875,39893.92669270833,40370.54201388889,39609.886458333334,36484.2923828125
2011-02-07,36989.0,35342.8984375,36601.69921875,35633.3984375,105355.0,35633.3984375,37114.91953125,37751.57470703125,38160.6796875,39726.086588541664,40293.07751736111,39542.104752604166,36518.98987630208
2011-02-08,36456.5,34858.80078125,35633.3984375,36359.6015625,95166.0,36359.6015625,36679.1796875,37400.5625,37807.25,39621.18658854167,40230.67534722222,39494.496419270836,36551.66988932292
2011-02-09,37085.80078125,36069.1015625,36746.8984375,36504.8984375,94450.0,36504.8984375,36301.5390625,37037.44970703125,37487.709765625,39490.466536458334,40148.908680555556,39460.60638020833,36592.82320963542
2011-02-10,36698.5,33890.5,36456.5,34035.69921875,166851.0,34035.69921875,35807.69921875,36559.349609375,36974.509765625,39237.09322916667,40005.81536458333,39403.314713541666,36598.87486979167
2011-02-11,34423.0,32486.400390625,33551.6015625,33357.8984375,131402.0,33357.8984375,35178.29921875,35911.79931640625,36369.31953125,38961.1265625,39856.26640625,39361.3546875,36606.540690104164
2011-02-14,34180.8984375,33212.69921875,33551.6015625,33357.8984375,51247.0,33357.8984375,34723.19921875,35282.39892578125,35919.059375,38688.38984375,39720.70416666667,39316.97467447917,36602.506510416664
2011-02-15,34713.5,33019.0,33019.0,34180.8984375,81597.0,34180.8984375,34287.45859375,34991.89892578125,35483.319140625,38417.26315104167,39606.65972222222,39302.44967447917,36598.471484375
2011-02-16,36214.3984375,34132.5,34713.5,36214.3984375,128218.0,36214.3984375,34229.35859375,34955.58642578125,35265.448828125,38215.536458333336,39467.870833333334,39320.20299479167,36617.8373046875
2011-02-17,37957.30078125,36069.1015625,36601.69921875,36698.5,246953.0,36698.5,34761.91875,35088.72412109375,35284.808984375,38002.509765625,39345.21970486111,39307.291341145836,36651.727311197916
2011-02-18,37715.19921875,36069.1015625,37715.19921875,37037.3984375,68476.0,37037.3984375,35497.81875,35173.44873046875,35338.058984375,37855.649739583336,39203.20190972222,39312.1330078125,36693.28313802083
2011-02-21,40087.6015625,36795.3984375,37763.69921875,39022.3984375,410653.0,39022.3984375,36630.71875,35488.13623046875,35676.958984375,37792.709635416664,39126.81302083333,39331.49798177083,36772.36062825521
2011-02-22,38586.69921875,37279.5,38296.19921875,37521.6015625,97232.0,37521.6015625,37298.859375,35923.8740234375,35793.158984375,37710.40638020833,38995.55529513889,39328.27135416667,36836.51064453125
2011-02-23,37279.5,35536.6015625,37279.5,35827.1015625,89208.0,35827.1015625,37221.4,36232.5244140625,35725.379296875,37603.896484375,38813.73090277778,39271.78802083333,36880.89148763021
2011-02-24,35585.0,34035.69921875,34955.6015625,34035.69921875,129690.0,34035.69921875,36688.83984375,36317.24951171875,35725.379296875,37423.146484375,38608.23532986111,39220.95299479167,36907.92314453125
2011-02-25,35585.0,34277.80078125,34326.19921875,34423.0,78591.0,34423.0,36165.96015625,36347.51220703125,35831.889453125,37240.783203125,38467.29314236111,39181.41302083333,36946.65481770833
2011-02-28,34907.19921875,33600.0,34616.69921875,33842.0,72180.0,33842.0,35129.88046875,36050.96240234375,35880.299609375,37022.91315104167,38315.59088541667,39093.4580078125,36980.94814453125
2011-03-02,34568.30078125,33309.5,33406.30078125,33842.0,63950.0,33842.0,34393.96015625,35693.89990234375,35846.409765625,36837.31979166667,38189.71085069444,39004.69635416667,37013.2248046875
2011-03-03,35149.19921875,33987.30078125,34374.6015625,34810.30078125,61313.0,34810.30078125,34190.6,35415.5126953125,35706.0,36680.77643229167,38064.90642361111,38915.12805989583,37050.74563802083
2011-03-04,36311.19921875,34665.1015625,35391.30078125,35923.8984375,83655.0,35923.8984375,34568.23984375,35028.2001953125,35628.53984375,36580.71966145833,37937.95086805556,38839.278059895834,37103.598958333336
2011-03-07,36311.19921875,35246.1015625,36311.19921875,35246.1015625,35376.0,35246.1015625,34732.86015625,34743.7626953125,35449.41015625,36441.9296875,37795.93315972222,38758.58639322917,37156.04897460937
2011-03-08,35488.19921875,34955.6015625,35294.5,35004.0,45501.0,35004.0,34965.26015625,34640.875,35047.5703125,36295.069661458336,37650.68871527778,38684.34973958333,37199.622314453125
2011-03-09,35052.3984375,33890.5,35052.3984375,34084.1015625,66903.0,34084.1015625,35013.68046875,34646.92529296875,34703.8203125,36101.409765625,37467.786545138886,38597.203125,37233.91648763021
2011-03-10,34665.1015625,33212.69921875,34423.0,33309.5,75472.0,33309.5,34713.5203125,34507.73779296875,34452.06015625,35888.383072916666,37268.74878472222,38444.696484375,37263.36899414063
2011-03-11,34180.8984375,32873.69921875,32922.19921875,33938.8984375,58572.0,33938.8984375,34316.5203125,34519.85009765625,34442.380078125,35714.08971354167,37065.406510416666,38306.71477864583,37298.87314453125
2011-03-14,33212.69921875,31324.5,33019.0,31760.19921875,91568.0,31760.19921875,33619.33984375,34259.625,34176.1,35459.10299479167,36850.22873263889,38112.24811197917,37311.380631510416
2011-03-15,32438.0,27015.5,31760.19921875,29291.0,189334.0,29291.0,32476.73984375,33569.71240234375,33721.0,35173.45299479167,36592.015364583334,37892.76647135417,37307.74895833333
2011-03-16,30065.69921875,28952.099609375,28952.099609375,29823.599609375,84173.0,29823.599609375,31624.639453125,32807.175048828125,33319.1599609375,34882.96295572917,36366.079817708334,37666.02314453125,37300.88979492187
2011-03-17,29533.099609375,28419.599609375,28564.80078125,29533.099609375,101901.0,29533.099609375,30869.359375,32093.0498046875,32791.43984375,34587.629557291664,36155.20651041667,37424.75481770833,37283.13728841146
2011-03-18,30598.19921875,29678.400390625,30259.30078125,30017.30078125,64996.0,30017.30078125,30085.03984375,31469.71240234375,32200.780078125,34371.376302083336,35945.408767361114,37203.659830729164,37265.38562825521
2011-03-21,32873.69921875,30501.400390625,30501.400390625,32873.69921875,116062.0,32873.69921875,30307.73984375,31318.412109375,31963.53984375,34250.336328125,35789.404340277775,37072.131510416664,37272.243961588545
2011-03-22,33309.5,32292.80078125,33309.5,32438.0,71624.0,32438.0,30937.13984375,31209.474609375,31706.93984375,34143.823046875,35612.95763888889,36934.954817708334,37269.01645507813
2011-03-23,33019.0,31857.0,32922.19921875,32099.099609375,42353.0,32099.099609375,31392.23984375,30979.499755859375,31508.4396484375,34001.806315104164,35450.49761284722,36811.49645182292,37263.36813151042
2011-03-24,34035.69921875,32050.69921875,32050.69921875,32486.400390625,74607.0,32486.400390625,31982.9,31070.27490234375,31426.1296875,33867.85638020833,35294.49314236111,36679.161458333336,37259.73647460937
2011-03-25,33503.1015625,32389.599609375,32680.099609375,32389.599609375,46299.0,32389.599609375,32457.359765625,31457.599853515625,31271.1998046875,33812.98639322917,35149.24865451389,36525.039811197916,37261.35063476562
2011-03-28,32680.099609375,31566.5,32438.0,31663.400390625,47336.0,31663.400390625,32215.3,31687.574951171875,31261.519921875,33756.503125,34977.10642361111,36358.81484375,37262.56147460938
2011-03-29,32341.19921875,31130.80078125,31663.400390625,31179.19921875,46455.0,31179.19921875,31963.53984375,31893.33740234375,31450.33984375,33683.87981770833,34794.20416666667,36186.13483072917,37256.105631510414
2011-03-30,32389.599609375,31179.19921875,31179.19921875,32147.5,49177.0,32147.5,31973.219921875,32159.6123046875,31682.7298828125,33616.099869791666,34622.06197916667,36016.68151041667,37259.33313802083
2011-03-31,34616.69921875,32147.5,33406.30078125,33648.3984375,125856.0,33648.3984375,32205.61953125,32256.44970703125,32094.259765625,33530.56653645833,34487.57526041667,35873.051497395834,37266.59563802083
2011-04-01,34277.80078125,33503.1015625,33987.30078125,33890.5,55216.0,33890.5,32505.799609375,32438.01220703125,32481.5796875,33436.966536458334,34370.30416666667,35719.73815104167,37272.243977864586
2011-04-04,35342.8984375,33938.8984375,34471.3984375,34858.80078125,93729.0,34858.80078125,33144.8796875,32782.974853515625,32680.08984375,33364.34661458333,34269.17083333333,35609.99817708333,37291.61064453125
2011-04-05,35342.8984375,34277.80078125,35197.69921875,34858.80078125,38980.0,34858.80078125,33880.8,33079.52490234375,32922.169921875,33225.56002604167,34202.46640625,35509.13483072917,37311.38064778646
2011-04-06,35149.19921875,34374.6015625,34665.1015625,34858.80078125,37284.0,34858.80078125,34423.06015625,33388.175048828125,33198.1400390625,33136.8,34120.69973958333,35423.603190104164,37328.72983398438
2011-04-07,34858.80078125,33842.0,34858.80078125,34229.3984375,47372.0,34229.3984375,34539.26015625,33708.9248046875,33372.43984375,33083.543229166666,34028.17300347222,35343.71985677083,37344.06149088542
2011-04-08,35391.30078125,34229.3984375,34616.69921875,34858.80078125,53363.0,34858.80078125,34732.9203125,34168.875,33619.3599609375,33110.97994791667,33991.59305555555,35267.063216145834,37360.19983723958
2011-04-11,34858.80078125,33503.1015625,34568.30078125,33842.0,35873.0,33842.0,34529.56015625,34380.6875,33837.219921875,33091.61328125,33932.41753472222,35166.1982421875,37357.77900390625
2011-04-12,33890.5,32776.8984375,33551.6015625,32825.30078125,70569.0,32825.30078125,34122.86015625,34277.80029296875,34001.830078125,33057.723307291664,33870.015364583334,35040.31822916667,37350.51650390625
2011-04-13,33309.5,32147.5,33115.80078125,32922.19921875,52480.0,32922.19921875,33735.53984375,34156.7626953125,34079.3,33027.06328125,33793.628645833334,34932.19153645833,37339.21982421875
2011-04-14,33551.6015625,32631.69921875,33019.0,33212.69921875,25875.0,33212.69921875,33532.2,33951.0,34035.730078125,32973.809895833336,33720.46866319444,34827.2931640625,37323.888997395836
2011-04-15,34374.6015625,32922.19921875,33212.69921875,33793.6015625,47570.0,33793.6015625,33319.16015625,33817.85009765625,34026.040234375,32902.8,33715.08871527778,34741.75983072917,37323.08151041667
2011-04-18,34713.5,33309.5,34180.8984375,33890.5,48683.0,33890.5,33328.86015625,33696.8125,33929.21015625,32857.61328125,33726.924305555556,34649.771484375,37280.719010416666
2011-04-19,35391.30078125,33696.80078125,33890.5,34761.8984375,125537.0,34761.8984375,33716.1796875,33763.375,33919.519921875,32849.543229166666,33758.12430555555,34572.3064453125,37242.79401041667
2011-04-20,35827.1015625,34568.30078125,35052.3984375,34955.6015625,97070.0,34955.6015625,34122.86015625,33775.47509765625,33929.2,32878.59322916667,33775.33993055556,34490.00149739583,37197.60651041667
2011-04-21,35052.3984375,33696.80078125,34858.80078125,33696.80078125,92091.0,33696.80078125,34219.68046875,33757.3251953125,33875.940234375,32891.503255208336,33719.39331597222,34389.9431640625,37141.92900390625
2011-04-22,35633.3984375,32776.8984375,34277.80078125,33987.30078125,161109.0,33987.30078125,34258.4203125,33902.5751953125,33788.790234375,32893.11666666667,33659.14444444444,34303.603190104164,37081.41067708333
2011-04-25,34519.8984375,32680.099609375,34374.6015625,32728.5,87829.0,32728.5,34026.0203125,33878.36279296875,33677.440234375,32925.393359375,33563.39114583333,34192.24817708333,37007.57819010417
2011-04-26,33067.3984375,31082.400390625,32728.5,31518.099609375,96041.0,31518.099609375,33377.260546875,33666.537841796875,33546.7201171875,32999.63001302083,33396.628949652775,34086.54150390625,36924.06235351563
2011-04-27,33261.1015625,31615.0,31663.400390625,32728.5,96681.0,32728.5,32931.840234375,33533.400146484375,33527.3501953125,33096.46002604167,33290.11558159722,33989.71149088542,36858.299007161455
2011-04-28,35052.3984375,32583.30078125,34326.19921875,32631.69921875,154075.0,32631.69921875,32718.819921875,33376.050048828125,33469.2501953125,33199.7466796875,33219.106640625,33893.68811848958,36791.72898763021
2011-04-29,32728.5,31518.099609375,32438.0,32438.0,80808.0,32438.0,32408.959765625,33085.562744140625,33333.6900390625,33280.43665364583,33183.602213541664,33825.906477864584,36738.47231445312
2011-05-02,33309.5,32389.599609375,32776.8984375,32534.80078125,43592.0,32534.80078125,32370.219921875,32782.962646484375,33198.1201171875,33269.1400390625,33141.64223090278,33759.73818359375,36684.812320963545
2011-05-03,32728.5,31615.0,32534.80078125,31905.400390625,34026.0,31905.400390625,32447.680078125,32559.03759765625,32912.4703125,33251.38671875,33098.60668402778,33697.6048828125,36619.854817708336
2011-05-04,32341.19921875,31469.69921875,31953.900390625,31760.19921875,33003.0,31760.19921875,32254.019921875,32280.64990234375,32592.930078125,33240.0900390625,33052.34444444445,33620.94817708333,36557.72229817708
2011-05-06,31857.0,31227.599609375,31760.19921875,31469.69921875,26706.0,31469.69921875,32021.619921875,32123.2998046875,32370.219921875,33206.2,32978.10885416667,33537.02819010417,36498.81728515625
2011-05-09,31857.0,31034.0,31469.69921875,31518.099609375,21843.0,31518.099609375,31837.63984375,32123.2998046875,32123.2998046875,33177.15,32880.20221354167,33495.068196614586,36449.19145507812
2011-05-11,31953.900390625,30985.599609375,31808.599609375,31082.400390625,38472.0,31082.400390625,31547.159765625,31917.537353515625,31958.68984375,33157.78333333333,32787.675520833334,33457.143229166664,36409.24895833333
2011-05-12,30888.69921875,29872.0,30549.80078125,29872.0,72274.0,29872.0,31140.4796875,31572.574951171875,31794.0798828125,33114.21002604167,32673.63107638889,33399.044921875,36358.00979817708
2011-05-13,31082.400390625,29436.30078125,29436.30078125,31082.400390625,46541.0,31082.400390625,31004.919921875,31403.125,31629.469921875,33078.706705729164,32606.92660590278,33347.40328776042,36324.92648111979
2011-05-16,32002.30078125,30791.900390625,30937.099609375,31615.0,36597.0,31615.0,31033.980078125,31288.14990234375,31527.8,33010.9267578125,32569.271050347223,33270.74664713542,36295.47482096354
2011-05-17,31663.400390625,31130.80078125,31615.0,31324.5,18553.0,31324.5,30995.26015625,31215.537353515625,31416.45,32925.39342447917,32511.173307291665,33181.17998046875,36244.235660807295
2011-05-18,32099.099609375,31324.5,31421.30078125,31953.900390625,37875.0,31953.900390625,31169.56015625,31239.75,31358.3599609375,32828.56341145833,32515.477777777778,33096.45501302083,36204.29401041667
2011-05-19,32147.5,30307.80078125,31953.900390625,30985.599609375,22135.0,30985.599609375,31392.280078125,31179.237548828125,31266.3798828125,32699.456705729168,32553.135546875,32962.50836588542,36147.003173828125
2011-05-20,31711.80078125,30065.69921875,30501.400390625,31082.400390625,33524.0,31082.400390625,31392.280078125,31124.775146484375,31198.6,32573.576692708335,32581.108897569444,32855.18834635417,36091.72985026042
2011-05-23,31372.900390625,30162.5,30791.900390625,30501.400390625,19164.0,30501.400390625,31169.56015625,31052.150146484375,31101.7701171875,32449.310091145835,32602.626692708334,32766.42666015625,36019.10734049479
2011-05-24,30453.0,29775.19921875,30307.80078125,30114.099609375,33059.0,30114.099609375,30927.480078125,31082.41259765625,30961.3701171875,32291.153385416666,32604.777777777777,32701.066666666666,35961.00983072917
2011-05-25,30404.599609375,29387.900390625,29968.80078125,29387.900390625,32550.0,29387.900390625,30414.280078125,30870.60009765625,30791.9201171875,32142.6833984375,32527.31558159722,32617.14833984375,35899.28068033854
2011-05-26,29920.400390625,29339.5,29436.30078125,29629.900390625,27962.0,29629.900390625,30143.140234375,30622.462646484375,30767.71015625,32036.170052083333,32464.913368055557,32546.9466796875,35820.20234375
2011-05-27,30453.0,29775.19921875,30017.30078125,30307.80078125,25753.0,30307.80078125,29988.2203125,30495.375244140625,30690.2501953125,31949.0234375,32425.106727430557,32488.043359375,35746.369856770834
2011-05-30,30404.599609375,29000.599609375,30162.5,29049.0,58635.0,29049.0,29697.740234375,30132.2626953125,30433.6501953125,31810.233463541666,32348.720052083332,32392.0216796875,35653.574869791664
2011-05-31,31469.69921875,29049.0,29049.0,30985.599609375,171491.0,30985.599609375,29872.040234375,30132.2626953125,30399.76015625,31716.6333984375,32317.520052083335,32309.71669921875,35574.497379557295
2011-06-01,31276.099609375,30162.5,31276.099609375,30162.5,45344.0,30162.5,30026.96015625,30017.275146484375,30220.6201171875,31592.366731770835,32284.166710069443,32224.990006510416,35491.78819986979
2011-06-02,29968.80078125,29194.19921875,29726.80078125,29339.5,39574.0,29339.5,29968.880078125,29872.03759765625,30056.01015625,31411.6201171875,32243.284505208332,32130.581673177083,35407.46570638021
2011-06-03,29823.599609375,29049.0,29339.5,29194.19921875,32089.0,29194.19921875,29746.159765625,29757.050048828125,29867.1900390625,31219.573372395833,32177.655598958332,32049.08330078125,35323.14321289062
2011-06-07,30307.80078125,29049.0,29049.0,29629.900390625,30247.0,29629.900390625,29862.33984375,29787.300048828125,29780.0400390625,31084.010026041666,32088.35564236111,31987.756640625,35216.2265625
2011-06-08,30017.30078125,29097.400390625,29387.900390625,29533.099609375,24583.0,29533.099609375,29571.83984375,29775.199951171875,29721.9400390625,30935.536653645835,31991.524522569445,31914.32666015625,35110.52071940104
2011-06-09,29533.099609375,29049.0,29145.80078125,29049.0,31230.0,29049.0,29349.13984375,29617.849853515625,29688.05,30812.886653645834,31862.417838541667,31869.140006510417,34990.69405924479
2011-06-10,29387.900390625,28177.5,29049.0,28177.5,45273.0,28177.5,29116.73984375,29508.912353515625,29542.8099609375,30701.533333333333,31713.94448784722,31850.581673177083,34871.674072265625
2011-06-13,28564.80078125,27160.80078125,28080.69921875,28032.30078125,80560.0,28032.30078125,28884.36015625,29139.75,29315.2599609375,30544.993359375,31562.244487847223,31820.726692708333,34743.37491861979
2011-06-14,29436.30078125,27887.0,28758.5,28129.099609375,46767.0,28129.099609375,28584.2,28885.574951171875,29223.269921875,30394.906705729165,31426.682291666668,31797.326692708335,34611.040755208334
2011-06-15,28903.69921875,28225.900390625,28322.69921875,28758.5,40460.0,28758.5,28429.280078125,28812.949951171875,29000.5599609375,30272.256705729167,31291.120052083334,31776.3466796875,34490.003255208336
2011-06-16,28806.900390625,27596.5,28468.0,28468.0,53746.0,28468.0,28313.080078125,28722.175048828125,28831.1099609375,30136.6966796875,31171.69782986111,31702.918359375,34387.52493489583
2011-06-17,29049.0,28274.30078125,28758.5,28419.599609375,44542.0,28419.599609375,28361.5,28570.887451171875,28739.119921875,30020.5033203125,31073.793359375,31635.94501953125,34285.44991861979
2011-06-20,32680.099609375,31179.19921875,32244.400390625,32680.099609375,418563.0,32680.099609375,29291.059765625,28964.262451171875,29087.7099609375,30051.166666666668,31068.413368055557,31645.628352864584,34228.56240234375
2011-06-21,34858.80078125,32002.30078125,32438.0,32631.69921875,298061.0,32631.69921875,30191.5796875,29412.099853515625,29387.88984375,30089.9,31055.502256944445,31648.05,34163.605729166666
2011-06-22,34471.3984375,32438.0,32873.69921875,33648.3984375,184401.0,33648.3984375,31169.559375,30095.962158203125,29799.4197265625,30160.9099609375,31052.275520833333,31669.02998046875,34097.034895833334
2011-06-23,37037.3984375,33890.5,33938.8984375,35439.69921875,326078.0,35439.69921875,32563.89921875,31021.886962890625,30438.4896484375,30306.153255208334,31086.702170138888,31731.968294270835,34045.39156901042
2011-06-24,40717.0,35827.1015625,36650.1015625,40717.0,843381.0,40717.0,35023.379296875,32595.37451171875,31692.4396484375,30667.653255208334,31219.037760416668,31890.931640625,34038.53323567708
2011-06-27,46817.19921875,43863.8984375,44057.6015625,46817.19921875,842843.0,46817.19921875,37850.79921875,34852.7119140625,33570.9294921875,31192.146549479166,31482.628819444446,32135.426627604167,34076.05406901042
2011-06-28,52094.5,46817.19921875,50738.8984375,47446.6015625,2508091.0,47446.6015625,40813.7796875,37225.037109375,35502.6796875,31719.8666015625,31788.179947916666,32365.3966796875,34119.22408854167
2011-06-29,45413.19921875,40426.5,44541.69921875,43089.30078125,1626846.0,43089.30078125,42701.96015625,39058.749755859375,36935.759765625,32112.026627604166,31990.446614583332,32518.710026041666,34119.22408854167
2011-06-30,45316.3984375,41055.8984375,43137.69921875,41540.0,937740.0,41540.0,43922.0203125,40166.2373046875,38242.959765625,32431.56328125,32186.257725694446,32630.063346354167,34120.03076171875
2011-07-01,47737.1015625,42169.3984375,42169.3984375,47737.1015625,920925.0,47737.1015625,45326.040625,42054.41259765625,40174.7099609375,32989.9466796875,32546.679991319445,32844.70169270833,34176.91826171875
2011-07-04,52481.80078125,47737.1015625,51416.69921875,49189.6015625,1345011.0,49189.6015625,45800.52109375,43997.06298828125,41825.66015625,33593.52005208333,32912.48224826389,33083.54837239583,34253.57578125
2011-07-05,49189.6015625,46429.8984375,48511.80078125,47930.80078125,595513.0,47930.80078125,45897.3609375,45558.45068359375,43355.5703125,34174.50006510417,33252.46228298611,33311.905078125,34327.81246744792
2011-07-06,51223.0,48608.6015625,48899.1015625,49189.6015625,573056.0,49189.6015625,47117.42109375,46617.52587890625,44909.690625,34810.35013020833,33624.72009548611,33550.7517578125,34408.907486979166
2011-07-07,56548.69921875,47543.5,47543.5,56548.69921875,1345073.0,56548.69921875,50119.1609375,47833.96337890625,47020.590625,35715.71009114583,34158.36228298611,33929.19674479167,34547.697493489584
2011-07-08,60034.5,53256.3984375,54902.5,53256.3984375,1640694.0,53256.3984375,51223.0203125,48560.18798828125,48274.53046875,36503.260026041666,34632.82890625,34269.7150390625,34655.01663411458
2011-07-11,59550.3984375,54127.8984375,54515.19921875,58678.8984375,1129770.0,58678.8984375,53120.8796875,50508.8876953125,49460.700390625,37448.96328125,35231.02222222222,34698.993359375,34815.592447916664
2011-07-12,67006.296875,55483.5,57420.1015625,57517.0,2017254.0,57517.0,55038.11953125,52506.0126953125,50467.740234375,38397.89661458333,35809.85112847222,35104.0650390625,34965.6791015625
2011-07-13,60421.80078125,54515.19921875,59259.8984375,57904.30078125,898556.0,57904.30078125,56781.059375,53776.91259765625,51949.240234375,39295.18665364583,36396.21115451389,35505.91002604167,35123.83492838542
2011-07-14,61583.80078125,57517.0,58969.3984375,59744.0,748786.0,59744.0,57420.11953125,55096.21240234375,53769.640234375,40281.236653645836,37033.13559027778,35936.80169270833,35293.28658854167
2011-07-15,62164.80078125,59356.69921875,60809.19921875,60228.19921875,419046.0,60228.19921875,58814.4796875,56633.38720703125,55018.75,41310.8599609375,37707.71779513889,36361.2400390625,35466.7732421875
2011-07-18,64585.5,60228.19921875,60712.30078125,62842.6015625,520057.0,62842.6015625,59647.2203125,58340.01220703125,56384.05,42432.473372395834,38413.500043402775,36826.02337239583,35658.012434895834
2011-07-19,72235.1015625,64295.0,64391.8984375,72235.1015625,2054523.0,72235.1015625,62590.840625,60300.8125,58814.480078125,43852.646744791666,39316.16896701389,37468.328385416666,35929.13577473958
2011-07-20,74849.5,69039.703125,74559.0,70879.5,1054220.0,70879.5,65185.88046875,62503.7001953125,60983.469921875,45230.860091145834,40195.16896701389,38083.19837239583,36193.40078125
2011-07-21,76689.296875,70395.296875,72525.6015625,71266.796875,1089524.0,71266.796875,67490.43984375,64077.1875,62455.2796875,46638.11998697917,41068.78888888889,38725.5033203125,36458.875748697916
2011-07-22,74171.703125,72041.3984375,72525.6015625,73687.5,442887.0,73687.5,70182.3,66098.5,64498.38984375,48155.11998697917,42017.72000868055,39428.32666015625,36757.43408203125
2011-07-25,80562.5,74268.5,75430.5,79110.0,811619.0,79110.0,73435.7796875,68749.21240234375,66541.5,49857.7099609375,43085.0,40201.35166015625,37095.531575520836
2011-07-26,89180.296875,79497.296875,80562.5,86953.203125,1114555.0,86953.203125,76379.4,72150.36279296875,69485.1203125,51818.513411458334,44339.48450520833,41106.71005859375,37500.19908854167
2011-07-27,92763.0,87146.8984375,89470.796875,88115.203125,765561.0,88115.203125,79826.540625,75636.23828125,72506.210546875,53797.07018229167,45628.39791666667,42034.66344401042,37930.2849609375
2011-07-28,89955.0,83080.0,85694.5,87727.8984375,757336.0,87727.8984375,83118.7609375,78746.900390625,75304.600390625,55772.400130208334,46924.84231770833,42954.54840494792,38357.143294270834
2011-07-29,90826.3984375,79787.796875,89470.796875,81046.6015625,955113.0,81046.6015625,84590.58125,79848.337890625,77386.440625,57526.633528645834,48067.43567708333,43773.56842447917,38735.586653645834
2011-08-01,83564.203125,78625.8984375,83273.703125,80853.0,536606.0,80853.0,84939.18125,81095.025390625,79187.48046875,59132.396875,49190.66232638889,44591.78177083333,39106.364973958334
2011-08-02,86275.3984375,80659.296875,82692.703125,83661.0,548041.0,83661.0,84280.740625,82644.30078125,80330.0703125,60833.37356770833,50404.26232638889,45461.63678385417,39499.33248697917
2011-08-03,94699.6015625,79497.296875,81337.1015625,91020.1015625,845383.0,91020.1015625,84861.7203125,84810.8759765625,82344.13046875,62745.763671875,51738.36236979167,46453.33681640625,39974.20250651042
2011-08-04,95861.6015625,82305.3984375,90148.6015625,87146.8984375,908926.0,87146.8984375,84745.5203125,85815.48828125,83932.140625,64469.33697916667,53004.68233506945,47387.7451171875,40422.444173177086
2011-08-05,86662.796875,76205.1015625,79884.703125,82305.3984375,825640.0,82305.3984375,84997.2796875,85234.5126953125,84793.93046875,65855.61692708333,54181.70230034722,48261.635091145836,40830.340006510414
2011-08-08,84629.296875,70008.0,79013.203125,70008.0,1130092.0,70008.0,82828.2796875,82971.1123046875,83883.73046875,66628.64361979166,55088.67565104167,48910.39508463542,41128.899186197916
2011-08-09,67780.8984375,59550.3984375,64004.6015625,65069.69921875,1664438.0,65069.69921875,79110.01953125,80138.83740234375,81695.380078125,67216.08020833334,55876.22673611111,49467.973404947916,41369.360026041664
2011-08-10,74752.703125,68361.8984375,72428.796875,74752.703125,1310151.0,74752.703125,75856.53984375,79352.10009765625,80359.130078125,68271.526953125,56881.10681423611,50191.77679036458,41686.47838541667
2011-08-11,84726.1015625,69717.5,69814.3984375,81918.1015625,1313899.0,81918.1015625,74810.78046875,79485.23779296875,79778.150390625,69617.463671875,58055.97573784722,51024.5134765625,42060.48424479167
2011-08-12,92472.5,82886.3984375,85210.296875,84242.0,1133914.0,84242.0,75198.10078125,79557.86279296875,80097.690234375,70834.29361979167,59301.853515625,51912.12014973958,42437.3142578125
2011-08-16,92956.703125,88502.5,92859.8984375,90923.296875,651636.0,90923.296875,79381.16015625,79545.76220703125,81104.719921875,72225.416796875,60699.43120659722,52909.468424479164,42882.328385416666
2011-08-17,95086.8984375,89858.1015625,92956.703125,92182.1015625,680943.0,92182.1015625,84803.640625,80175.16259765625,81956.830078125,73700.46015625,62122.83125,53937.48011067708,43351.953385416666
2011-08-18,95764.796875,86178.6015625,92956.703125,90245.5,683553.0,90245.5,87902.2,81167.67529296875,81879.369921875,75068.99010416666,63489.209027777775,54939.6701171875,43820.368391927084
2011-08-19,88793.0,79884.703125,85694.5,79884.703125,779898.0,79884.703125,87495.5203125,82402.26318359375,81153.150390625,75846.85690104167,64631.80243055556,55781.28349609375,44199.21591796875
2011-08-22,88599.296875,76302.0,80368.796875,84048.296875,1143036.0,84048.296875,87456.7796875,84774.587890625,81327.440234375,76873.253515625,65867.995703125,56688.25677083333,44617.601725260414
2011-08-23,90632.796875,85694.5,86178.6015625,86953.203125,539912.0,86953.203125,86662.7609375,86299.650390625,83021.960546875,77815.73033854166,67074.06467013889,57632.34680989583,45060.195084635416
2011-08-24,89180.296875,82208.6015625,89083.5,82208.6015625,428711.0,82208.6015625,84668.0609375,86335.962890625,84735.85078125,78638.78372395833,68175.77361111112,58518.340169270836,45455.180924479166
2011-08-25,85984.8984375,77560.703125,84629.296875,79594.203125,547388.0,79594.203125,82537.8015625,85754.98828125,85220.00078125,79361.78046875,69196.79149305556,59328.483561197914,45819.10013020833
2011-08-26,83854.703125,77560.703125,79981.5,82499.1015625,385850.0,82499.1015625,83060.68125,84701.9638671875,85278.10078125,80120.28385416667,70242.55598958333,60200.76025390625,46212.87513020833
2011-08-29,88115.203125,84629.296875,85404.0,85694.5,359859.0,85694.5,83389.921875,83891.013671875,85423.35078125,80969.160546875,71242.05598958333,61140.01025390625,46635.29596354167
2011-08-30,87340.6015625,84338.796875,86953.203125,85984.8984375,235134.0,85984.8984375,83196.2609375,83358.4384765625,84929.5109375,81740.57044270834,72112.44930555555,62086.52190755208,47067.80260416667
2011-08-31,89083.5,85888.1015625,86662.796875,86662.796875,254337.0,86662.796875,84087.1,84205.7001953125,84377.58046875,82221.49361979167,72983.9203125,63037.07018229167,47512.413411458336
2011-09-01,87340.6015625,80562.5,86662.796875,81724.3984375,422666.0,81724.3984375,84513.1390625,83915.212890625,83525.4703125,82582.990234375,73842.47803819444,63906.92516276042,47910.62591145833
2011-09-02,84338.796875,79400.5,82305.3984375,83080.0,429543.0,83080.0,84629.31875,83431.0625,83845.0,82976.763671875,74765.58914930555,64807.44182942708,48338.29091796875
2011-09-05,84629.296875,79400.5,81821.296875,79400.5,281074.0,79400.5,83370.51875,83080.0498046875,83380.2203125,83167.19700520833,75469.22022569444,65661.15849609375,48755.87008463542
2011-09-06,81433.8984375,71073.1015625,77463.8984375,75236.796875,584104.0,75236.796875,81220.8984375,82535.3740234375,82208.5796875,83038.090234375,76048.04678819445,66447.90009765625,49134.31339518229
2011-09-07,83564.203125,77463.8984375,78335.3984375,82595.8984375,382337.0,82595.8984375,80407.51875,82547.4736328125,82247.309375,82892.84674479166,76818.38229166667,67355.680078125,49576.50338541667
2011-09-08,86081.796875,80078.296875,84726.1015625,80659.296875,325075.0,80659.296875,80194.4984375,81918.0732421875,82353.81875,82644.31653645834,77517.70885416666,68220.693359375,49998.52001953125
2011-09-09,81143.3984375,78432.203125,80659.296875,80465.6015625,184751.0,80465.6015625,79671.61875,81228.1611328125,82150.46875,82402.23997395833,78049.19557291667,69087.32005208333,50395.11920572917
2011-09-14,91988.3984375,79400.5,81046.6015625,85210.296875,1010463.0,85210.296875,80833.578125,81046.5986328125,82102.0484375,82541.02981770833,78759.28220486111,70033.83167317709,50834.888346354164
2011-09-15,90826.3984375,83757.8984375,89083.5,86275.3984375,488325.0,86275.3984375,83041.2984375,81615.4736328125,82131.0984375,82721.77643229166,79372.53776041667,70927.08665364583,51286.35750325521
2011-09-16,97604.5,91794.703125,94893.296875,96055.203125,1291564.0,96055.203125,85733.159375,83237.3740234375,83070.3390625,83134.91653645833,80228.94227430556,71984.14505208333,51816.09752604167
2011-09-19,108643.0,98282.296875,100122.0,104479.0,1390777.0,104479.0,90497.1,86372.1865234375,85345.79921875,83583.546484375,81263.93559027778,73164.655078125,52416.842529296875
2011-09-20,103995.0,99928.3984375,102640.0,101478.0,560782.0,101478.0,94699.5796875,89652.3369140625,87185.59921875,84061.24986979166,82191.3578125,74265.29342447917,52998.630859375
2011-09-21,107868.0,99831.6015625,99831.6015625,105545.0,757555.0,105545.0,98766.5203125,92520.974609375,89800.04921875,84835.90325520834,83198.39782986112,75345.76009114583,53618.345865885414
2011-09-22,111161.0,103221.0,104383.0,110870.0,690775.0,110870.0,103685.440625,96297.3125,93363.36953125,86197.969921875,84265.67335069444,76413.30677083334,54274.36669921875
2011-09-23,105060.0,96152.1015625,100800.0,101284.0,753994.0,101284.0,104731.2,98899.6123046875,95232.1796875,87405.11328125,84911.20442708333,77310.59674479166,54837.99671223958
2011-09-26,107965.0,92569.3984375,107384.0,100219.0,843982.0,100219.0,103879.2,100775.7001953125,97188.15,88253.98984375,85563.19331597222,78262.7583984375,55390.734212239586
2011-09-27,104479.0,101284.0,103511.0,102156.0,319083.0,102156.0,104014.8,102760.775390625,99357.18984375,88928.58645833333,86249.62005208334,79273.02506510417,55951.544205729166
2011-09-28,103995.0,97023.5,102349.0,101865.0,488632.0,101865.0,103278.8,103487.0,101022.66015625,89516.01979166667,86875.78671875,80175.15670572917,56509.92919921875
2011-09-29,104189.0,101187.0,101865.0,102446.0,317365.0,102446.0,101594.0,103232.875,102639.7203125,89900.10989583333,87394.36449652778,81062.76334635417,57073.155859375
2011-09-30,117164.0,103124.0,104092.0,116874.0,798084.0,116874.0,104712.0,105157.375,104721.6,90723.17317708333,88059.27109375,82211.81666666667,57761.86087239583
2011-10-04,121522.0,112710.0,114259.0,116583.0,677529.0,116583.0,107984.8,106537.125,105932.0,91601.08984375,88691.88880208334,83335.03997395834,58442.89586588542
2011-10-05,121328.0,113291.0,119101.0,113291.0,457303.0,113291.0,110211.8,106839.75,107113.3,92714.63307291667,89259.95772569445,84280.74498697916,59104.970865885414
2011-10-06,118520.0,111451.0,111645.0,112226.0,326526.0,112226.0,112284.0,108207.5,107781.4,93653.88984375,89952.83324652778,85263.5716796875,59766.643359375
2011-10-07,125300.0,113900.0,117000.0,124400.0,443500.0,124400.0,116674.8,111230.125,109134.4,94902.11640625,90920.5443576389,86358.92337239583,60528.95836588542
2011-10-10,143000.0,124400.0,125300.0,143000.0,544243.0,143000.0,121900.0,116335.625,113306.0,96928.49635416667,92239.18880208333,87783.6400390625,61443.8525390625
2011-10-11,164400.0,145200.0,149000.0,164400.0,600389.0,164400.0,131463.4,124152.5,119724.1,99755.35625,93869.85321180556,89558.568359375,62532.23919270833
2011-10-12,179900.0,158800.0,165100.0,163100.0,1017611.0,163100.0,141425.2,131734.25,125818.5,102442.05286458334,95557.69991319445,91281.168359375,63608.985026041664
2011-10-13,169000.0,159100.0,168100.0,169000.0,516897.0,169000.0,152780.0,138250.0,132532.0,105218.90286458333,97484.24661458333,93094.03170572917,64727.63587239583
2011-10-14,194000.0,167200.0,174000.0,188000.0,836135.0,188000.0,165500.0,147177.125,141087.4,108619.40625,100106.29105902778,95179.98834635416,66003.005859375
2011-10-17,216200.0,189800.0,192000.0,216200.0,470849.0,216200.0,180140.0,160040.75,151020.0,112937.31302083333,103464.7421875,97579.4033203125,67523.86585286459
2011-10-18,219500.0,199000.0,219500.0,199000.0,2192528.0,199000.0,187060.0,170887.5,159261.7,116846.49973958333,106225.79322916667,99714.74498697916,68898.9716796875
2011-10-19,211000.0,169500.0,204500.0,172000.0,1898151.0,172000.0,188840.0,176837.5,165132.6,119810.49973958333,108227.61319444445,101393.63170572916,70059.56751302084
2011-10-20,176800.0,151200.0,175000.0,155000.0,2287370.0,155000.0,186040.0,178337.5,169410.0,122330.48307291667,109800.01319444444,102748.8400390625,71088.58334960937
2011-10-21,163600.0,142800.0,160700.0,160000.0,2530145.0,160000.0,180440.0,177787.5,172970.0,125155.92317708333,111335.05104166667,104097.00670572916,72149.17918294271
2011-10-24,163700.0,148000.0,160000.0,159500.0,1607164.0,159500.0,169100.0,177337.5,174620.0,127719.39322916667,112831.00434027778,105306.11998697916,73206.41502278646
2011-10-25,173200.0,155000.0,160000.0,163000.0,1755655.0,163000.0,161900.0,176587.5,174480.0,130464.08333333333,114447.77100694444,106554.19993489583,74294.43168945312
2011-10-26,171200.0,156600.0,164800.0,156600.0,916403.0,156600.0,158820.0,172662.5,173830.0,133001.89661458333,116152.55538194445,107702.06829427084,75328.30834960938
2011-10-27,162500.0,136200.0,157000.0,137700.0,1070854.0,137700.0,155360.0,162850.0,170700.0,134751.55338541666,117344.81545138889,108646.2916015625,76209.93001302083
2011-10-28,142900.0,128200.0,140500.0,142500.0,1790770.0,142500.0,151860.0,155787.5,166150.0,136625.70677083332,118579.18871527778,109673.7416015625,77132.76168619792
2011-10-31,163100.0,149000.0,156000.0,163100.0,1164454.0,163100.0,152580.0,154675.0,160840.0,138860.53333333333,120376.77534722222,110997.72493489583,78229.680859375
2011-11-01,172700.0,158900.0,163500.0,161700.0,927315.0,161700.0,152320.0,155512.5,157110.0,140767.9,122201.34861111111,112175.7232421875,79314.53002929688
2011-11-02,159100.0,152500.0,156000.0,156600.0,455385.0,156600.0,152320.0,155087.5,155570.0,142605.3,123848.03524305555,113333.27493489583,80360.51002604167
2011-11-03,164200.0,156400.0,160000.0,160600.0,373185.0,160600.0,156900.0,155225.0,156130.0,144440.46666666667,125512.60190972222,114638.1849609375,81449.91002604166
2011-11-04,164000.0,160500.0,163500.0,161100.0,279124.0,161100.0,160620.0,154987.5,156240.0,146114.8,127181.82638888889,116156.3849609375,82533.39002278647
2011-11-07,162500.0,155500.0,162500.0,155500.0,298273.0,155500.0,159100.0,154850.0,155840.0,147922.0,128711.54201388889,117663.556640625,83565.76502278647
2011-11-08,168200.0,146200.0,154500.0,157100.0,956531.0,157100.0,158180.0,157275.0,155250.0,149818.03333333333,130386.55538194445,119036.01158854166,84613.89418945313
2011-11-09,163300.0,154100.0,157500.0,161600.0,439405.0,161600.0,159180.0,159662.5,155750.0,151799.5,132131.44427083334,120364.04322916667,85694.27835286458
2011-11-10,164200.0,152000.0,159200.0,152000.0,475992.0,152000.0,157460.0,158275.0,157180.0,153470.66666666666,133744.76649305556,121493.34322916667,86702.73168945312
2011-11-11,157800.0,150800.0,154900.0,155900.0,349372.0,155900.0,156420.0,157550.0,158520.0,155252.46666666667,135537.28211805556,122576.28828125,87742.87835286459
2011-11-14,162500.0,150500.0,159000.0,151200.0,428276.0,151200.0,155560.0,156875.0,157330.0,156396.66666666666,137061.81770833334,123559.919921875,88748.70001627604
2011-11-15,152900.0,142400.0,149900.0,144100.0,451730.0,144100.0,152960.0,154812.5,155570.0,157313.9,138471.61111111112,124457.494921875,89698.58251953125
2011-11-16,147000.0,132600.0,146000.0,133500.0,519423.0,133500.0,147340.0,151362.5,153260.0,157987.53333333333,139650.1532986111,125351.083203125,90566.18334960938
2011-11-17,148000.0,129300.0,133500.0,148000.0,1001873.0,148000.0,146540.0,150425.0,152000.0,159180.0,141045.48003472222,126416.944921875,91552.60084635417
2011-11-18,150500.0,136700.0,147500.0,141000.0,485554.0,141000.0,143560.0,148412.5,149990.0,159733.33333333334,142261.58229166668,127317.72486979167,92475.03583984375
2011-11-21,142500.0,136100.0,138800.0,137100.0,183685.0,137100.0,140740.0,145350.0,148150.0,159536.66666666666,143173.6888888889,128232.58151041667,93375.46083984376
2011-11-22,136300.0,132500.0,134100.0,132800.0,286082.0,132800.0,138480.0,142950.0,145720.0,158483.33333333334,143803.04444444444,129119.34479166666,94223.91417643228
2011-11-23,150500.0,135100.0,135100.0,144800.0,799744.0,144800.0,140740.0,141562.5,144040.0,157873.33333333334,144765.75555555554,130157.69309895833,95179.22667643228
2011-11-24,143600.0,135000.0,141900.0,135000.0,283128.0,135000.0,138140.0,139537.5,142340.0,156740.0,145420.3111111111,130979.45143229167,96059.73084309897
2011-11-25,148600.0,134500.0,136000.0,139500.0,527364.0,139500.0,137840.0,138962.5,140700.0,155123.33333333334,146056.53333333333,131871.36979166666,96978.94584960937
2011-11-28,153200.0,138500.0,138500.0,151000.0,560109.0,151000.0,140620.0,141150.0,140680.0,152950.0,147161.33333333334,132943.65651041668,97990.36334635416
2011-11-29,155600.0,145100.0,154100.0,147300.0,450897.0,147300.0,143520.0,141062.5,141000.0,151226.66666666666,148207.57777777777,134036.583203125,98971.7541829427
2011-11-30,156700.0,145600.0,147000.0,156700.0,543391.0,156700.0,145900.0,143025.0,143320.0,150716.66666666666,149419.66666666666,135263.583203125,100035.51251627604
2011-12-01,170100.0,154500.0,159400.0,168600.0,901832.0,168600.0,152620.0,146962.5,145380.0,151170.0,150902.66666666666,136750.24153645834,101205.70001627604
2011-12-02,170400.0,162000.0,167500.0,168500.0,408578.0,168500.0,158420.0,151425.0,148130.0,151453.33333333334,152370.53333333333,138304.62825520834,102376.26417643229
2011-12-05,175700.0,168700.0,169000.0,171000.0,337858.0,171000.0,162420.0,154700.0,151520.0,151836.66666666666,153573.33333333334,139778.02994791666,103566.85501302083
2011-12-06,172400.0,165800.0,172000.0,167000.0,270248.0,167000.0,166360.0,158700.0,154940.0,151970.0,154693.7111111111,141217.04166666666,104718.86751302083
2011-12-07,171300.0,161300.0,169000.0,164100.0,293940.0,164100.0,167840.0,161775.0,156870.0,152220.0,155822.8,142610.94830729166,105849.1341796875
2011-12-08,164600.0,158100.0,162600.0,159500.0,266390.0,159500.0,166020.0,162837.5,159320.0,152946.66666666666,156873.33333333334,143849.11002604166,106941.47084960938
2011-12-09,163000.0,155600.0,160600.0,156400.0,235036.0,156400.0,163600.0,163975.0,161010.0,153410.0,157584.44444444444,145017.85338541667,107972.47001953125
2011-12-12,159800.0,154200.0,156800.0,155100.0,186101.0,155100.0,160420.0,163775.0,161420.0,153143.33333333334,157853.33333333334,146001.93333333332,108993.03919270834
2011-12-13,178300.0,154400.0,155000.0,178300.0,496074.0,178300.0,162680.0,164987.5,164520.0,153696.66666666666,158162.22222222222,147232.28333333333,110198.46920572917
2011-12-14,192300.0,173000.0,187100.0,173300.0,941068.0,173300.0,164520.0,165587.5,166180.0,154253.33333333334,158388.88888888888,148429.31666666668,111347.30504557291
2011-12-15,177600.0,161100.0,172000.0,166900.0,521503.0,166900.0,166000.0,165075.0,166010.0,154463.33333333334,158342.22222222222,149451.9,112398.83004557292
2011-12-16,187800.0,168000.0,169600.0,179500.0,659798.0,179500.0,170620.0,166637.5,167110.0,155076.66666666666,158153.33333333334,150595.73333333334,113504.52005208333
2011-12-19,185000.0,163000.0,178800.0,172100.0,592754.0,172100.0,174020.0,167637.5,167220.0,155630.0,157173.33333333334,151776.0,114543.29837239583
2011-12-20,183100.0,175000.0,175500.0,176900.0,425637.0,176900.0,173740.0,169812.5,168210.0,156290.0,156682.22222222222,153054.01666666666,115658.38753255208
2011-12-21,186900.0,171700.0,181900.0,174600.0,433039.0,174600.0,174000.0,172087.5,169260.0,156723.33333333334,156740.0,154261.41666666666,116767.22086588542
2011-12-22,179400.0,173000.0,173600.0,175400.0,244670.0,175400.0,175700.0,174625.0,170850.0,157503.33333333334,157193.33333333334,155487.0,117831.07835286458
2011-12-23,187200.0,177100.0,181900.0,182000.0,460325.0,182000.0,176200.0,175087.5,173410.0,158373.33333333334,157682.22222222222,156812.9,118937.83167317709
2011-12-26,186300.0,179500.0,185400.0,183000.0,233568.0,183000.0,178380.0,176300.0,176200.0,159433.33333333334,158204.44444444444,157915.0,120063.40833333334
2011-12-27,183300.0,168000.0,183000.0,170000.0,311633.0,170000.0,177000.0,176687.5,175370.0,160296.66666666666,158360.0,158805.28333333333,121070.16165364583
2011-12-28,181000.0,169000.0,170000.0,173000.0,196389.0,173000.0,176680.0,175875.0,175340.0,161613.33333333334,158724.44444444444,159800.43333333332,122040.58916015625
2011-12-29,178000.0,172000.0,174600.0,178000.0,139278.0,178000.0,177200.0,176612.5,176450.0,162613.33333333334,159620.0,160896.66666666666,123080.11917317708
2012-01-02,181400.0,176500.0,180400.0,178000.0,148028.0,178000.0,176400.0,176750.0,176300.0,163846.66666666666,160408.88888888888,161790.0,124074.46168619792
2012-01-03,184500.0,176800.0,180400.0,180500.0,304241.0,180500.0,175900.0,177487.5,177140.0,165293.33333333334,160795.55555555556,162415.0,125099.32001953125
2012-01-04,184300.0,178000.0,181400.0,178000.0,238073.0,178000.0,177500.0,177812.5,177250.0,166800.0,161157.77777777778,162641.66666666666,126100.11751302083
2012-01-05,180700.0,173000.0,179500.0,173000.0,215923.0,173000.0,177500.0,176687.5,177090.0,167740.0,161522.22222222222,162806.66666666666,127043.91751302083
2012-01-06,179200.0,170000.0,174700.0,173800.0,251112.0,173800.0,176660.0,175537.5,176930.0,169033.33333333334,161815.55555555556,162886.66666666666,127990.34918619791
2012-01-09,199800.0,197000.0,199800.0,199800.0,162405.0,199800.0,181020.0,179262.5,178710.0,171043.33333333334,162675.55555555556,163083.33333333334,129131.66083984375
2012-01-10,209900.0,190100.0,207500.0,193000.0,766246.0,193000.0,183520.0,181762.5,179710.0,172443.33333333334,163508.88888888888,162696.66666666666,130138.03499348958
2012-01-11,196900.0,187300.0,194000.0,196000.0,334946.0,196000.0,187120.0,184012.5,182310.0,174066.66666666666,164373.33333333334,162646.66666666666,131180.70582682293
2012-01-12,197000.0,191800.0,194600.0,193500.0,159993.0,193500.0,191220.0,185950.0,184360.0,175293.33333333334,165082.22222222222,163005.0,132199.3158528646
2012-01-13,203400.0,193100.0,193500.0,201800.0,280697.0,201800.0,196820.0,188612.5,186740.0,176400.0,166188.88888888888,163785.0,133266.92001953124
2012-01-16,211800.0,198300.0,199700.0,210100.0,320735.0,210100.0,198880.0,192625.0,189950.0,177786.66666666666,167393.33333333334,164620.0,134358.5033528646
2012-01-17,209700.0,191400.0,191600.0,200200.0,667345.0,200200.0,200320.0,196025.0,191920.0,178760.0,168482.22222222222,165298.33333333334,135302.22666015624
2012-01-18,206200.0,199600.0,203000.0,200000.0,171043.0,200000.0,201120.0,199300.0,194120.0,179860.0,169724.44444444444,165915.0,136234.59996744792
2012-01-19,208000.0,182300.0,202500.0,187900.0,1001599.0,187900.0,200000.0,197812.5,195610.0,180653.33333333334,170933.33333333334,166436.66666666666,137069.36748046876
2012-01-20,186900.0,159800.0,186000.0,159800.0,1340798.0,159800.0,191600.0,193662.5,194210.0,180663.33333333334,171195.55555555556,166805.0,137725.64580078126
2012-01-25,160500.0,150200.0,150500.0,153800.0,877556.0,153800.0,180340.0,188387.5,189610.0,180576.66666666666,171480.0,166993.33333333334,138333.53746744792
2012-01-26,164300.0,156600.0,157300.0,157300.0,652500.0,157300.0,171760.0,183862.5,186040.0,180650.0,171928.88888888888,166896.66666666666,138947.19580078125
2012-01-27,160800.0,150400.0,156600.0,151400.0,472086.0,151400.0,162040.0,177562.5,181580.0,179753.33333333334,172342.22222222222,166725.0,139450.36162109376
2012-01-30,150200.0,133700.0,150000.0,135300.0,959022.0,135300.0,151520.0,168212.5,175760.0,178486.66666666666,172131.11111111112,166370.0,139851.63746744793
2012-01-31,145700.0,127400.0,128500.0,138300.0,1135883.0,138300.0,147220.0,160475.0,169410.0,177533.33333333334,172204.44444444444,165998.33333333334,140318.25914713542
2012-02-01,144500.0,138200.0,142400.0,139900.0,399735.0,139900.0,144440.0,152962.5,162390.0,176213.33333333334,172213.33333333334,165645.0,140900.69248046874
2012-02-02,142300.0,134200.0,137000.0,139700.0,535059.0,139700.0,140920.0,146937.5,156340.0,175133.33333333334,171962.22222222222,165381.66666666666,141522.61165364584
2012-02-03,145300.0,138100.0,139600.0,140600.0,416362.0,140600.0,138760.0,144537.5,150400.0,173923.33333333334,171813.33333333334,165106.66666666666,142071.33912760418
2012-02-06,142600.0,136600.0,142000.0,136600.0,337208.0,136600.0,139020.0,142387.5,145270.0,172656.66666666666,171366.66666666666,164690.0,142527.02161458333
2012-02-07,138000.0,129400.0,137500.0,130400.0,490252.0,130400.0,137440.0,139025.0,142330.0,171156.66666666666,170517.77777777778,164330.0,142911.67161458332
2012-02-08,133400.0,126000.0,131600.0,128200.0,462406.0,128200.0,135100.0,136125.0,139770.0,169363.33333333334,169622.22222222222,163868.33333333334,143222.31080729168
2012-02-09,130000.0,120500.0,128700.0,122400.0,531418.0,122400.0,131640.0,134512.5,136280.0,167343.33333333334,168542.22222222222,163388.33333333334,143474.12662760416
2012-02-10,131200.0,121500.0,124000.0,130000.0,660681.0,130000.0,129520.0,133475.0,134140.0,166010.0,167720.0,163153.33333333334,143805.41412760416
2012-02-13,133900.0,127400.0,133900.0,128900.0,275592.0,128900.0,127980.0,132100.0,133500.0,164540.0,166937.77777777778,163076.66666666666,144213.87493489584
2012-02-14,129400.0,125100.0,129400.0,126200.0,274084.0,126200.0,127140.0,130412.5,132290.0,162813.33333333334,166197.77777777778,162713.33333333334,144565.13912760417
2012-02-15,129200.0,124700.0,126200.0,127300.0,225075.0,127300.0,126960.0,128750.0,131030.0,161123.33333333334,165551.11111111112,162485.0,144901.36243489583
2012-02-16,129700.0,121000.0,127400.0,122900.0,336516.0,122900.0,127060.0,127037.5,129350.0,159203.33333333334,164835.55555555556,162248.33333333334,145240.457421875
2012-02-17,123800.0,117000.0,122900.0,119200.0,525986.0,119200.0,124900.0,125637.5,127210.0,157243.33333333334,163522.22222222222,162021.66666666666,145570.50572916667
2012-02-20,120500.0,112700.0,119500.0,113200.0,445281.0,113200.0,121760.0,123762.5,124870.0,155250.0,162186.66666666666,161495.0,145826.34654947917
2012-02-21,117300.0,111500.0,113000.0,115100.0,412454.0,115100.0,119540.0,122850.0,123340.0,153293.33333333334,161035.55555555556,161163.33333333334,146071.3923828125
2012-02-22,120100.0,115100.0,116000.0,117600.0,389193.0,117600.0,117600.0,121300.0,122280.0,150553.33333333334,159660.0,160798.33333333334,146334.8515625
2012-02-23,117600.0,111000.0,116000.0,111000.0,260444.0,111000.0,115220.0,119062.5,121140.0,147820.0,158302.22222222222,160131.66666666666,146537.66158854167
2012-02-24,112200.0,106000.0,110500.0,109600.0,341251.0,109600.0,113300.0,116987.5,119100.0,144940.0,156806.66666666666,159503.33333333334,146769.95826822918
2012-02-27,113300.0,109600.0,109700.0,110700.0,157662.0,110700.0,112800.0,114912.5,117280.0,142180.0,155386.66666666666,158736.66666666666,147000.12493489584
2012-02-28,112300.0,108000.0,109500.0,108800.0,139367.0,108800.0,111540.0,113150.0,115540.0,139080.0,153906.66666666666,157740.0,147245.12076822916
2012-02-29,109700.0,103900.0,108900.0,103900.0,345817.0,103900.0,108800.0,111237.5,113200.0,135540.0,152171.11111111112,156663.33333333334,147483.98079427084
2012-03-02,105600.0,103100.0,103900.0,104000.0,201366.0,104000.0,107400.0,110087.5,111310.0,132333.33333333334,150415.55555555556,155546.66666666666,147662.34830729166
2012-03-05,108500.0,104800.0,105000.0,105300.0,179728.0,105300.0,106540.0,108862.5,109920.0,129176.66666666667,148977.77777777778,154518.33333333334,147867.6875
2012-03-06,106300.0,98000.0,105100.0,98000.0,375805.0,98000.0,104000.0,106412.5,108400.0,126180.0,147311.11111111112,153416.66666666666,148013.80748697917
2012-03-07,97700.0,90300.0,95900.0,91100.0,503162.0,91100.0,100460.0,103925.0,106000.0,123890.0,145380.0,152276.66666666666,148062.88834635416
2012-03-08,97700.0,92100.0,92100.0,94500.0,525225.0,94500.0,98580.0,102037.5,103690.0,121913.33333333333,143524.44444444444,151245.0,148131.42669270834
2012-03-09,102300.0,96000.0,96100.0,102000.0,441542.0,102000.0,98180.0,100950.0,102790.0,120070.0,141780.0,150360.0,148180.96666666667
2012-03-12,104500.0,95000.0,104500.0,95200.0,390071.0,95200.0,96160.0,99250.0,101350.0,118196.66666666667,139940.0,148975.0,148103.64166666666
2012-03-13,99300.0,93300.0,95600.0,99300.0,232762.0,99300.0,96420.0,98675.0,100210.0,116996.66666666667,138302.22222222222,147741.66666666666,148085.49166666667
2012-03-14,101600.0,97800.0,99700.0,97900.0,214717.0,97900.0,97780.0,97912.5,99120.0,115650.0,136615.55555555556,146591.66666666666,148021.78333333333
2012-03-15,102300.0,97700.0,98200.0,102300.0,218591.0,102300.0,99340.0,97537.5,98960.0,114396.66666666667,134448.88888888888,145305.0,147950.36666666667
2012-03-16,110000.0,101500.0,103800.0,109600.0,624773.0,109600.0,100860.0,98987.5,99520.0,113393.33333333333,132595.55555555556,144263.33333333334,148019.66666666666
2012-03-19,115300.0,110100.0,111900.0,112000.0,437587.0,112000.0,104220.0,101600.0,100190.0,112440.0,130728.88888888889,143181.66666666666,148117.84166666667
2012-03-20,112300.0,107300.0,112200.0,109000.0,250478.0,109000.0,106160.0,103412.5,101290.0,111520.0,128851.11111111111,142088.33333333334,148174.875
2012-03-21,111800.0,107600.0,108100.0,108700.0,158593.0,108700.0,108320.0,104250.0,103050.0,110796.66666666667,126782.22222222222,140976.66666666666,148231.83333333334
2012-03-22,109700.0,104100.0,108000.0,104100.0,187487.0,104100.0,108680.0,105362.5,104010.0,109993.33333333333,124426.66666666667,139678.33333333334,148245.61666666667
2012-03-23,103900.0,99100.0,102900.0,101500.0,295969.0,101500.0,107060.0,105637.5,103960.0,109296.66666666667,122233.33333333333,138320.0,148117.5
2012-03-26,104500.0,101200.0,102700.0,101300.0,153430.0,101300.0,104920.0,106062.5,104570.0,108340.0,120040.0,137175.0,147990.14166666666
2012-03-27,104000.0,100300.0,101500.0,104000.0,141559.0,104000.0,103920.0,106275.0,105040.0,107510.0,118175.55555555556,136025.0,147912.71666666667
2012-03-28,112000.0,105300.0,106000.0,111900.0,400461.0,111900.0,104560.0,106562.5,106440.0,107033.33333333333,117111.11111111111,134923.33333333334,147910.0
2012-03-29,112900.0,104900.0,110800.0,104900.0,307650.0,104900.0,104720.0,105675.0,106700.0,106286.66666666667,116024.44444444444,133705.0,147747.5
2012-03-30,108900.0,101300.0,104100.0,103800.0,279325.0,103800.0,105180.0,105025.0,106120.0,105650.0,114835.55555555556,132426.66666666666,147420.83333333334
2012-04-02,105600.0,101700.0,103800.0,104200.0,177563.0,104200.0,105760.0,104462.5,105340.0,105150.0,113786.66666666667,131196.66666666666,146919.16666666666
2012-04-03,106300.0,102000.0,105200.0,102000.0,172443.0,102000.0,105360.0,104200.0,104640.0,104776.66666666667,113046.66666666667,130013.33333333333,146410.0
2012-04-04,102600.0,94400.0,101300.0,94700.0,375249.0,94700.0,101920.0,103350.0,103240.0,104096.66666666667,112077.77777777778,128695.0,145790.83333333334
2012-04-05,98300.0,92100.0,92600.0,95000.0,213420.0,95000.0,99940.0,102562.5,102330.0,103343.33333333333,111080.0,126948.33333333333,145015.83333333334
2012-04-06,97100.0,93300.0,95700.0,93300.0,152123.0,93300.0,97840.0,101225.0,101510.0,102753.33333333333,110048.88888888889,125286.66666666667,143991.66666666666
2012-04-09,107200.0,93500.0,94000.0,107200.0,394992.0,107200.0,98440.0,100637.5,102100.0,102673.33333333333,109306.66666666667,123806.66666666667,143226.66666666666
2012-04-10,118700.0,107000.0,112000.0,108700.0,1071954.0,108700.0,99780.0,101112.5,102570.0,102606.66666666667,108686.66666666667,122393.33333333333,142699.16666666666
2012-04-12,113300.0,107000.0,108700.0,110300.0,437669.0,110300.0,102900.0,101925.0,102410.0,102656.66666666667,108240.0,120868.33333333333,142326.66666666666
2012-04-13,115800.0,110100.0,114200.0,110200.0,332919.0,110200.0,105940.0,102675.0,102940.0,102866.66666666667,107840.0,119203.33333333333,141911.66666666666
2012-04-16,111500.0,106000.0,107100.0,111500.0,288551.0,111500.0,109580.0,103862.5,103710.0,103116.66666666667,107597.77777777778,117725.0,141511.66666666666
2012-04-17,113100.0,108300.0,112200.0,108400.0,218754.0,108400.0,109820.0,105575.0,104130.0,103220.0,107117.77777777778,116198.33333333333,141056.66666666666
2012-04-18,111700.0,107500.0,110200.0,107500.0,166941.0,107500.0,109580.0,107137.5,104680.0,103536.66666666667,106642.22222222222,114858.33333333333,140647.5
2012-04-19,113100.0,106800.0,107400.0,113100.0,275780.0,113100.0,110140.0,109612.5,106520.0,104270.0,106351.11111111111,114080.0,140442.5
2012-04-20,114300.0,108100.0,113900.0,108100.0,213630.0,108100.0,109720.0,109725.0,107830.0,104723.33333333333,105924.44444444444,113318.33333333333,140155.83333333334
2012-04-23,109700.0,103100.0,108500.0,103100.0,215792.0,103100.0,108040.0,109025.0,108810.0,104760.0,105484.44444444444,112415.0,139655.83333333334
2012-04-24,106900.0,100500.0,101600.0,102000.0,232164.0,102000.0,106760.0,107987.5,108290.0,104986.66666666667,105102.22222222222,111591.66666666667,139158.33333333334
2012-04-25,104700.0,101200.0,103300.0,101700.0,129937.0,101700.0,105600.0,106925.0,107590.0,105066.66666666667,104846.66666666667,111031.66666666667,138700.83333333334
2012-04-26,103300.0,96300.0,102700.0,98000.0,201649.0,98000.0,102580.0,105237.5,106360.0,105070.0,104466.66666666667,110360.0,138179.16666666666
2012-04-27,100800.0,96900.0,98800.0,100800.0,146581.0,100800.0,101120.0,104287.5,105420.0,105020.0,104093.33333333333,109708.33333333333,137676.66666666666
2012-04-30,114500.0,99900.0,101800.0,108600.0,684872.0,108600.0,102220.0,104425.0,105130.0,104986.66666666667,104040.0,109190.0,137285.83333333334
2012-05-02,109500.0,105400.0,108500.0,106000.0,186106.0,106000.0,103020.0,103537.5,104890.0,104786.66666666667,103960.0,108613.33333333333,136860.0
2012-05-03,117500.0,107600.0,108400.0,109300.0,766986.0,109300.0,104540.0,103687.5,105070.0,104796.66666666667,103928.88888888889,108158.33333333333,136424.16666666666
2012-05-04,111300.0,106900.0,108500.0,109100.0,220719.0,109100.0,106760.0,104437.5,104670.0,104810.0,103935.55555555556,107803.33333333333,136066.66666666666
2012-05-07,110000.0,106000.0,107500.0,106000.0,140770.0,106000.0,107800.0,104937.5,104460.0,104873.33333333333,103982.22222222222,107433.33333333333,135650.83333333334
2012-05-08,108000.0,103900.0,106600.0,104400.0,164426.0,104400.0,106960.0,105275.0,104590.0,104970.0,103991.11111111111,107133.33333333333,135260.83333333334
2012-05-09,105600.0,100700.0,105500.0,101600.0,146954.0,101600.0,106080.0,105725.0,104550.0,104980.0,103908.88888888889,106660.0,134906.66666666666
2012-05-10,102400.0,99500.0,100500.0,102200.0,133274.0,102200.0,104660.0,105900.0,104600.0,104920.0,104002.22222222222,106215.0,134645.83333333334
2012-05-11,106100.0,101100.0,102200.0,101100.0,215094.0,101100.0,103060.0,104962.5,104910.0,104560.0,104224.44444444444,105796.66666666667,134255.0
2012-05-14,102000.0,97400.0,101200.0,99200.0,155380.0,99200.0,101700.0,104112.5,104750.0,104370.0,104328.88888888889,105328.33333333333,133906.66666666666
2012-05-15,98500.0,93400.0,96600.0,94600.0,193274.0,94600.0,99740.0,102275.0,103350.0,104063.33333333333,104164.44444444444,104856.66666666667,133552.5
2012-05-16,95600.0,85300.0,93900.0,85600.0,275482.0,85600.0,96540.0,99337.5,101310.0,103443.33333333333,103951.11111111111,104296.66666666667,133159.16666666666
2012-05-17,89000.0,84500.0,85000.0,85800.0,237544.0,85800.0,93260.0,96812.5,98960.0,102903.33333333333,103651.11111111111,103840.0,132667.5
2012-05-18,84500.0,75900.0,83000.0,77600.0,456951.0,77600.0,88560.0,93462.5,95810.0,102333.33333333333,103200.0,103215.0,132189.16666666666
2012-05-21,81200.0,77500.0,78700.0,78900.0,306777.0,78900.0,84500.0,90625.0,93100.0,101796.66666666667,102680.0,102570.0,131684.16666666666
2012-05-22,82500.0,80000.0,80800.0,81400.0,196367.0,81400.0,81860.0,88025.0,90800.0,101400.0,102053.33333333333,102076.66666666667,131104.16666666666
2012-05-23,81400.0,77200.0,80600.0,77500.0,183119.0,77500.0,80240.0,85075.0,88390.0,100410.0,101286.66666666667,101541.66666666667,130522.5
2012-05-24,79700.0,73000.0,77500.0,74000.0,327932.0,74000.0,77880.0,81925.0,85570.0,99253.33333333333,100508.88888888889,100930.0,129833.33333333333
2012-05-25,83400.0,73800.0,75700.0,80400.0,583443.0,80400.0,78440.0,80150.0,83500.0,98256.66666666667,99880.0,100456.66666666667,129098.33333333333
2012-05-29,85000.0,80300.0,81600.0,80800.0,278442.0,80800.0,78820.0,79550.0,81660.0,97276.66666666667,99362.22222222222,100071.66666666667,128367.5
2012-05-30,81600.0,79100.0,81200.0,79100.0,171256.0,79100.0,78360.0,78712.5,80110.0,96196.66666666667,98864.44444444444,99656.66666666667,127601.66666666667
2012-05-31,83000.0,76000.0,77700.0,80000.0,369505.0,80000.0,78860.0,79012.5,79550.0,95250.0,98391.11111111111,99235.0,126876.66666666667
2012-06-01,85300.0,81000.0,81300.0,83000.0,325774.0,83000.0,80660.0,79525.0,79270.0,94433.33333333333,97924.44444444444,98985.0,126200.83333333333
2012-06-04,82200.0,78500.0,79200.0,78500.0,231639.0,78500.0,80280.0,79162.5,79360.0,93280.0,97182.22222222222,98775.0,125525.83333333333
2012-06-05,81700.0,79100.0,79800.0,79100.0,129882.0,79100.0,79940.0,79362.5,79380.0,92313.33333333333,96608.88888888889,98518.33333333333,124881.66666666667
2012-06-07,90900.0,80800.0,82100.0,90900.0,678825.0,90900.0,82300.0,81475.0,80330.0,91906.66666666667,96322.22222222222,98333.33333333333,124346.66666666667
2012-06-08,100700.0,89500.0,92500.0,94300.0,1260376.0,94300.0,85160.0,83212.5,82010.0,91650.0,96102.22222222222,98318.33333333333,123646.66666666667
2012-06-11,99100.0,94500.0,95300.0,94800.0,378711.0,94800.0,87520.0,84962.5,84090.0,91420.0,95942.22222222222,98243.33333333333,122992.5
2012-06-12,96700.0,92700.0,93500.0,94200.0,248266.0,94200.0,90660.0,86850.0,85470.0,91293.33333333333,95931.11111111111,98181.66666666667,122386.66666666667
2012-06-13,98600.0,94600.0,95700.0,96100.0,343275.0,96100.0,94060.0,88862.5,87000.0,91136.66666666667,95955.55555555556,98078.33333333333,121691.66666666667
2012-06-14,98600.0,95100.0,97400.0,97100.0,175017.0,97100.0,95300.0,90625.0,88800.0,90753.33333333333,96040.0,97870.0,121066.66666666667
2012-06-15,97800.0,93000.0,97200.0,94200.0,199091.0,94200.0,95280.0,92587.5,90220.0,90360.0,95751.11111111111,97573.33333333333,120377.5
2012-06-18,98200.0,94000.0,95900.0,94000.0,200062.0,94000.0,95120.0,94450.0,91320.0,89850.0,95424.44444444444,97323.33333333333,119705.83333333333
2012-06-19,98000.0,94000.0,94100.0,97900.0,287926.0,97900.0,95860.0,95325.0,93260.0,89476.66666666667,95148.88888888889,97143.33333333333,119060.0
2012-06-20,101500.0,96200.0,100700.0,96200.0,285856.0,96200.0,95880.0,95562.5,94970.0,89150.0,94837.77777777778,97011.66666666667,118345.0
2012-06-21,97100.0,94500.0,96500.0,94700.0,147724.0,94700.0,95400.0,95550.0,95350.0,88826.66666666667,94464.44444444444,96898.33333333333,117609.16666666667
2012-06-22,94400.0,91800.0,94100.0,92500.0,130840.0,92500.0,95060.0,95337.5,95170.0,88523.33333333333,94111.11111111111,96751.66666666667,116963.33333333333
2012-06-25,93700.0,90700.0,93600.0,91600.0,121623.0,91600.0,94580.0,94775.0,94850.0,88170.0,93757.77777777778,96545.0,116285.0
2012-06-26,92700.0,90600.0,90600.0,91100.0,97633.0,91100.0,93220.0,94025.0,94540.0,87836.66666666667,93268.88888888889,96198.33333333333,115560.83333333333
2012-06-27,95900.0,91100.0,91700.0,93200.0,255765.0,93200.0,92620.0,93900.0,94250.0,87636.66666666667,92937.77777777778,96003.33333333333,114854.16666666667
2012-06-28,95400.0,91800.0,93700.0,91800.0,116162.0,91800.0,92040.0,93625.0,93720.0,87543.33333333333,92686.66666666667,95803.33333333333,114115.0
2012-06-29,95800.0,91800.0,95500.0,91800.0,195213.0,91800.0,91900.0,92862.5,93480.0,87750.0,92460.0,95596.66666666667,113396.66666666667
2012-07-02,93100.0,90800.0,92800.0,90800.0,103656.0,90800.0,91740.0,92187.5,93160.0,87916.66666666667,92217.77777777778,95410.0,112711.66666666667
2012-07-03,92100.0,90500.0,91200.0,91700.0,109804.0,91700.0,91860.0,91812.5,92540.0,88386.66666666667,92077.77777777778,95360.0,112027.5
2012-07-04,94100.0,91500.0,92200.0,93000.0,151244.0,93000.0,91820.0,91875.0,92220.0,88856.66666666667,91904.44444444444,95326.66666666667,111137.5
2012-07-05,99300.0,92300.0,93500.0,98000.0,509796.0,98000.0,93060.0,92675.0,92550.0,89410.0,91668.88888888889,95405.0,110345.83333333333
2012-07-06,98900.0,94700.0,98700.0,94800.0,205815.0,94800.0,93660.0,93137.5,92780.0,89986.66666666667,91420.0,95198.33333333333,109502.5
2012-07-09,95800.0,92300.0,94900.0,92300.0,120996.0,92300.0,93960.0,93025.0,92850.0,90596.66666666667,91042.22222222222,94925.0,108659.16666666667
2012-07-10,94300.0,91700.0,92300.0,92300.0,98355.0,92300.0,94080.0,93087.5,92970.0,90993.33333333333,90668.88888888889,94625.0,107746.66666666667
2012-07-11,93400.0,91000.0,92300.0,91200.0,98767.0,91200.0,93720.0,93012.5,92770.0,91340.0,90340.0,94308.33333333333,106755.83333333333
2012-07-12,91900.0,88500.0,91800.0,88600.0,132781.0,88600.0,91840.0,92737.5,92450.0,91656.66666666667,89988.88888888889,93926.66666666667,105825.83333333333
2012-07-13,89200.0,81100.0,88200.0,87300.0,221539.0,87300.0,90340.0,92187.5,92000.0,91900.0,89671.11111111111,93575.0,104886.66666666667
2012-07-16,94700.0,86000.0,88000.0,91700.0,253362.0,91700.0,90220.0,92025.0,92090.0,92190.0,89437.77777777778,93311.66666666667,104085.0
2012-07-17,94100.0,90500.0,92100.0,90500.0,168660.0,90500.0,89860.0,91087.5,91970.0,92590.0,89202.22222222222,92935.0,103507.5
2012-07-18,91700.0,87000.0,91200.0,88000.0,144369.0,88000.0,89220.0,90237.5,91470.0,92886.66666666667,88953.33333333333,92600.0,102959.16666666667
2012-07-19,89900.0,88000.0,89000.0,89000.0,84844.0,89000.0,89300.0,89825.0,90570.0,92823.33333333333,88828.88888888889,92365.0,102390.0
2012-07-20,93800.0,88600.0,89500.0,93700.0,228358.0,93700.0,90580.0,90000.0,90460.0,92803.33333333333,89008.88888888889,92226.66666666667,101909.16666666667
2012-07-23,96400.0,93100.0,94000.0,95000.0,311735.0,95000.0,91240.0,90475.0,90730.0,92810.0,89213.33333333333,92115.0,101573.33333333333
2012-07-24,99100.0,95200.0,95800.0,96800.0,383265.0,96800.0,92500.0,91500.0,91180.0,92896.66666666667,89640.0,92095.0,101227.5
2012-07-25,96000.0,93500.0,95800.0,93600.0,176771.0,93600.0,93620.0,92287.5,91420.0,92813.33333333333,89966.66666666667,91975.0,100841.66666666667
2012-07-26,97200.0,94300.0,94500.0,97000.0,186099.0,97000.0,95220.0,92950.0,92260.0,92810.0,90313.33333333333,91781.66666666667,100485.83333333333
2012-07-27,100500.0,97000.0,98500.0,97700.0,316395.0,97700.0,96020.0,93850.0,93300.0,92926.66666666667,90762.22222222222,91643.33333333333,100128.33333333333
2012-07-30,100200.0,97500.0,98900.0,100000.0,174068.0,100000.0,97020.0,95350.0,94130.0,93126.66666666667,91340.0,91488.33333333333,99823.33333333333
2012-07-31,100500.0,98500.0,100000.0,99800.0,111570.0,99800.0,97620.0,96700.0,95060.0,93190.0,91771.11111111111,91333.33333333333,99568.33333333333
2012-08-01,101200.0,98600.0,100000.0,100300.0,108533.0,100300.0,98960.0,97525.0,96290.0,93326.66666666667,92204.44444444444,91238.33333333333,99335.83333333333
2012-08-02,102200.0,100300.0,101700.0,100300.0,142638.0,100300.0,99620.0,98187.5,97420.0,93513.33333333333,92675.55555555556,91170.0,99151.66666666667
2012-08-03,100500.0,97500.0,100300.0,97500.0,104987.0,97500.0,99580.0,98275.0,97800.0,93680.0,93064.44444444444,91101.66666666667,98880.83333333333
2012-08-06,99300.0,97200.0,99000.0,97400.0,110744.0,97400.0,99060.0,98750.0,98040.0,93873.33333333333,93384.44444444444,91021.66666666667,98618.33333333333
2012-08-07,98700.0,96300.0,97300.0,97400.0,128644.0,97400.0,98580.0,98800.0,98100.0,94083.33333333333,93804.44444444444,90960.0,98378.33333333333
2012-08-08,95700.0,92700.0,93700.0,92700.0,280224.0,92700.0,97060.0,98175.0,98010.0,94066.66666666667,94106.66666666667,90851.66666666667,98090.0
2012-08-09,94300.0,92100.0,93000.0,93500.0,123366.0,93500.0,95700.0,97362.5,97660.0,94123.33333333333,94164.44444444444,90833.33333333333,97845.0
2012-08-10,97000.0,93800.0,94200.0,96200.0,150688.0,96200.0,95440.0,96912.5,97510.0,94270.0,94206.66666666667,91010.0,97653.33333333333
2012-08-13,97500.0,95400.0,96800.0,95400.0,72371.0,95400.0,95040.0,96300.0,97050.0,94423.33333333333,94220.0,91170.0,97505.0
2012-08-14,101500.0,95500.0,95500.0,100200.0,272437.0,100200.0,95600.0,96287.5,97090.0,94706.66666666667,94353.33333333333,91546.66666666667,97380.83333333333
2012-08-16,107000.0,101500.0,101800.0,107000.0,386383.0,107000.0,98460.0,97475.0,97760.0,95173.33333333333,94595.55555555556,92015.0,97292.5
2012-08-17,108500.0,105100.0,107900.0,106300.0,286793.0,106300.0,101020.0,98587.5,98360.0,95450.0,94800.0,92430.0,97253.33333333333
2012-08-20,118600.0,106200.0,107400.0,113400.0,680019.0,113400.0,104460.0,100587.5,99950.0,96070.0,95226.66666666667,93028.33333333333,97285.0
2012-08-21,114600.0,111300.0,114100.0,114000.0,234517.0,114000.0,108180.0,103250.0,101610.0,96793.33333333333,95671.11111111111,93695.0,97312.5
2012-08-22,119400.0,113300.0,114700.0,113300.0,364239.0,113300.0,110800.0,105725.0,103200.0,97493.33333333333,96013.33333333333,94243.33333333333,97350.0
2012-08-23,116900.0,111300.0,113600.0,114400.0,263393.0,114400.0,112280.0,108000.0,105370.0,98266.66666666667,96417.77777777778,94803.33333333333,97437.5
2012-08-24,115900.0,112300.0,115400.0,112800.0,182900.0,112800.0,113580.0,110175.0,107300.0,99073.33333333333,96820.0,95365.0,97510.83333333333
2012-08-27,114100.0,109200.0,112800.0,111300.0,195280.0,111300.0,113160.0,111562.5,108810.0,99873.33333333333,97237.77777777778,95886.66666666667,97560.83333333333
2012-08-28,117900.0,112000.0,112000.0,117900.0,360748.0,117900.0,113940.0,112925.0,111060.0,100746.66666666667,97822.22222222222,96468.33333333333,97726.66666666667
2012-08-29,119300.0,116400.0,118800.0,118000.0,219139.0,118000.0,114880.0,114387.5,112840.0,101663.33333333333,98420.0,97126.66666666667,97950.83333333333
2012-08-30,117000.0,112500.0,116600.0,112500.0,242605.0,112500.0,114500.0,114275.0,113390.0,102480.0,98848.88888888889,97683.33333333333,98100.83333333333
2012-08-31,112500.0,108200.0,112000.0,108200.0,303927.0,108200.0,113580.0,113550.0,113580.0,103120.0,99213.33333333333,97971.66666666667,98152.5
2012-09-03,110900.0,108200.0,109000.0,108800.0,159144.0,108800.0,113080.0,112987.5,113120.0,103623.33333333333,99591.11111111111,98213.33333333333,98265.83333333333
2012-09-04,110500.0,104000.0,109800.0,104300.0,216304.0,104300.0,110360.0,111725.0,112150.0,103933.33333333333,99891.11111111111,98371.66666666667,98307.5
2012-09-05,105700.0,102200.0,104300.0,103600.0,169571.0,103600.0,107480.0,110575.0,111180.0,104160.0,100155.55555555556,98528.33333333333,98355.0
2012-09-06,107000.0,102600.0,105800.0,103700.0,142844.0,103700.0,105720.0,109625.0,110110.0,104496.66666666667,100393.33333333333,98655.0,98366.66666666667
2012-09-07,106800.0,104300.0,105500.0,106100.0,110778.0,106100.0,105300.0,108150.0,109440.0,104800.0,100573.33333333333,98805.0,98337.5
2012-09-10,107600.0,104500.0,107600.0,104500.0,117704.0,104500.0,104440.0,106462.5,108760.0,105026.66666666667,100788.88888888889,98976.66666666667,98275.0
2012-09-11,104500.0,102100.0,104400.0,102600.0,130654.0,102600.0,104100.0,105225.0,107230.0,105113.33333333333,101017.77777777778,99120.0,98221.66666666667
2012-09-12,103200.0,99700.0,102400.0,101700.0,243609.0,101700.0,103720.0,104412.5,105600.0,105176.66666666667,101226.66666666667,99183.33333333333,98163.33333333333
2012-09-13,103400.0,100700.0,101600.0,101000.0,130457.0,101000.0,103180.0,103437.5,104450.0,105200.0,101444.44444444444,99263.33333333333,98137.5
2012-09-14,104000.0,100800.0,102000.0,101800.0,189233.0,101800.0,102320.0,103125.0,103810.0,105250.0,101737.77777777778,99381.66666666667,98140.0
2012-09-17,102900.0,99800.0,102900.0,100000.0,148118.0,100000.0,101420.0,102675.0,102930.0,105333.33333333333,102020.0,99506.66666666667,98129.16666666667
2012-09-18,101300.0,98500.0,99600.0,100700.0,162179.0,100700.0,101040.0,102300.0,102570.0,105443.33333333333,102220.0,99658.33333333333,98101.66666666667
2012-09-19,103200.0,100000.0,101000.0,103100.0,183345.0,103100.0,101320.0,101925.0,102520.0,105633.33333333333,102500.0,99858.33333333333,98028.33333333333
2012-09-20,104600.0,102200.0,104400.0,102700.0,148861.0,102700.0,101660.0,101700.0,102420.0,105966.66666666667,102826.66666666667,100016.66666666667,98010.0
2012-09-21,103400.0,100000.0,103300.0,102000.0,140936.0,102000.0,101700.0,101625.0,102010.0,106250.0,103115.55555555556,100186.66666666667,97995.0
2012-09-24,104400.0,101300.0,102800.0,101900.0,141040.0,101900.0,102080.0,101650.0,101750.0,106440.0,103297.77777777778,100355.0,97975.83333333333
2012-09-25,102200.0,99300.0,101900.0,99600.0,142437.0,99600.0,101860.0,101475.0,101450.0,106580.0,103400.0,100501.66666666667,97955.83333333333
2012-09-26,102000.0,97800.0,97800.0,99900.0,145863.0,99900.0,101220.0,101237.5,101270.0,106570.0,103468.88888888889,100638.33333333333,97999.16666666667
2012-09-27,99900.0,95000.0,98900.0,95000.0,212628.0,95000.0,99680.0,100612.5,100670.0,106170.0,103500.0,100671.66666666667,97999.16666666667
2012-09-28,96800.0,93300.0,94500.0,95000.0,103395.0,95000.0,98280.0,99900.0,99990.0,105793.33333333333,103455.55555555556,100621.66666666667,98013.33333333333
2012-10-02,98100.0,94200.0,94200.0,96800.0,100500.0,96800.0,97260.0,99112.5,99670.0,105240.0,103435.55555555556,100655.0,97926.66666666667
2012-10-04,98800.0,96700.0,97200.0,97800.0,84684.0,97800.0,96900.0,98500.0,99380.0,104700.0,103386.66666666667,100746.66666666667,97835.83333333333
2012-10-05,98800.0,97000.0,98500.0,97400.0,59320.0,97400.0,96400.0,97925.0,98810.0,104170.0,103333.33333333333,100831.66666666667,97728.33333333333
2012-10-08,98200.0,94500.0,98000.0,95100.0,105874.0,95100.0,96420.0,97075.0,98050.0,103526.66666666667,103217.77777777778,100896.66666666667,97602.5
2012-10-09,101100.0,95000.0,95000.0,99700.0,233899.0,99700.0,97360.0,97087.5,97820.0,103090.0,103204.44444444444,101081.66666666667,97504.16666666667
2012-10-10,99900.0,95800.0,99400.0,96000.0,105648.0,96000.0,97200.0,96600.0,97230.0,102580.0,103171.11111111111,101226.66666666667,97400.83333333333
2012-10-11,98400.0,95600.0,96200.0,97700.0,83573.0,97700.0,97180.0,96937.5,97040.0,101906.66666666667,103177.77777777778,101326.66666666667,97319.16666666667
2012-10-12,103200.0,98400.0,98500.0,101300.0,279700.0,101300.0,97960.0,97725.0,97180.0,101350.0,103264.44444444444,101506.66666666667,97220.83333333333
2012-10-15,102700.0,97200.0,101300.0,99000.0,178949.0,99000.0,98740.0,98000.0,97580.0,100900.0,103404.44444444444,101690.0,97145.0
2012-10-16,99500.0,95000.0,99500.0,98000.0,168572.0,98000.0,98400.0,98025.0,97880.0,100560.0,103504.44444444444,101840.0,97102.5
2012-10-17,99100.0,95500.0,98500.0,95500.0,118318.0,95500.0,98300.0,97787.5,97750.0,100116.66666666667,103488.88888888889,101870.0,97048.33333333333
2012-10-18,96100.0,90600.0,96100.0,90600.0,243147.0,90600.0,96880.0,97225.0,97030.0,99660.0,103382.22222222222,101796.66666666667,96955.83333333333
2012-10-19,91900.0,88000.0,90000.0,90200.0,131392.0,90200.0,94660.0,96037.5,96310.0,99213.33333333333,103160.0,101686.66666666667,96890.83333333333
2012-10-22,91600.0,88300.0,89000.0,90000.0,73113.0,90000.0,92860.0,95287.5,95800.0,98756.66666666667,102782.22222222222,101626.66666666667,96800.83333333333
2012-10-23,94400.0,89300.0,91000.0,92000.0,128317.0,92000.0,91660.0,94575.0,95030.0,98286.66666666667,102464.44444444444,101543.33333333333,96662.5
2012-10-24,93300.0,90100.0,90800.0,90600.0,75216.0,90600.0,90680.0,93237.5,94490.0,97823.33333333333,101957.77777777778,101425.0,96534.16666666667
2012-10-25,93000.0,90500.0,90800.0,90500.0,57230.0,90500.0,90660.0,92175.0,93770.0,97420.0,101435.55555555556,101266.66666666667,96377.5
2012-10-26,91900.0,87300.0,91500.0,88200.0,83639.0,88200.0,90260.0,90950.0,92460.0,96970.0,100877.77777777778,101073.33333333333,96203.33333333333
2012-10-29,89600.0,84500.0,88400.0,84500.0,102420.0,84500.0,89160.0,89575.0,91010.0,96420.0,100213.33333333333,100810.0,96024.16666666667
2012-10-30,87700.0,82800.0,83300.0,85700.0,95269.0,85700.0,87900.0,88962.5,89780.0,95883.33333333333,99611.11111111111,100566.66666666667,95868.33333333333
2012-10-31,88600.0,85500.0,86600.0,85800.0,66820.0,85800.0,86940.0,88412.5,88810.0,95410.0,99044.44444444444,100371.66666666667,95736.66666666667
2012-11-01,87000.0,83400.0,85200.0,84200.0,91296.0,84200.0,85680.0,87687.5,88170.0,94860.0,98295.55555555556,100151.66666666667,95586.66666666667
2012-11-02,85800.0,83600.0,85200.0,84000.0,74461.0,84000.0,84840.0,86687.5,87550.0,94223.33333333333,97540.0,99928.33333333333,95444.16666666667
2012-11-05,85400.0,83200.0,83400.0,84000.0,64605.0,84000.0,84740.0,85862.5,86950.0,93600.0,96906.66666666667,99783.33333333333,95317.5
2012-11-06,96600.0,84000.0,85000.0,96500.0,616758.0,96500.0,86900.0,86612.5,87400.0,93416.66666666667,96646.66666666667,99833.33333333333,95333.33333333333
2012-11-07,96600.0,91600.0,96600.0,91800.0,214908.0,91800.0,88100.0,87062.5,87520.0,93080.0,96268.88888888889,99760.0,95385.0
2012-11-08,94100.0,89700.0,90000.0,91300.0,126941.0,91300.0,89520.0,87912.5,87600.0,92803.33333333333,95980.0,99691.66666666667,95430.83333333333
2012-11-09,92500.0,90000.0,90100.0,90000.0,84431.0,90000.0,90720.0,88450.0,87780.0,92473.33333333333,95677.77777777778,99521.66666666667,95534.16666666667
2012-11-12,96500.0,89600.0,91000.0,91600.0,264345.0,91600.0,92240.0,89175.0,88490.0,92360.0,95408.88888888889,99265.0,95640.0
2012-11-13,95200.0,90300.0,91600.0,90300.0,230593.0,90300.0,91000.0,89937.5,88950.0,92203.33333333333,95057.77777777778,98998.33333333333,95714.16666666667
2012-11-14,92000.0,86300.0,91000.0,86700.0,133727.0,86700.0,89980.0,90275.0,89040.0,91866.66666666667,94662.22222222222,98553.33333333333,95790.83333333333
2012-11-15,87700.0,84600.0,85700.0,85300.0,92013.0,85300.0,88780.0,90437.5,89150.0,91450.0,94277.77777777778,98075.0,95885.0
2012-11-16,86100.0,84300.0,84600.0,84500.0,83621.0,84500.0,87680.0,88937.5,89200.0,91020.0,93895.55555555556,97595.0,95919.16666666667
2012-11-19,87500.0,84500.0,84500.0,85400.0,109554.0,85400.0,86440.0,88137.5,89340.0,90696.66666666667,93548.88888888889,97111.66666666667,95957.5
2012-11-20,87100.0,84900.0,86400.0,85300.0,57451.0,85300.0,85440.0,87387.5,88220.0,90216.66666666667,93182.22222222222,96653.33333333333,96009.16666666667
2012-11-21,86300.0,84300.0,85100.0,84300.0,61831.0,84300.0,84960.0,86675.0,87470.0,89826.66666666667,92833.33333333333,96203.33333333333,96045.0
2012-11-22,85900.0,83800.0,84700.0,84300.0,72975.0,84300.0,84760.0,85762.5,86770.0,89380.0,92468.88888888889,95643.33333333333,96055.83333333333
2012-11-23,84700.0,82700.0,84500.0,82800.0,80931.0,82800.0,84420.0,84825.0,86050.0,88763.33333333333,92017.77777777778,95056.66666666667,96091.66666666667
2012-11-26,83500.0,78400.0,83400.0,78400.0,158633.0,78400.0,83020.0,83787.5,84730.0,88076.66666666667,91477.77777777778,94488.33333333333,96085.83333333333
2012-11-27,80900.0,78400.0,78400.0,79600.0,101828.0,79600.0,81880.0,83075.0,83660.0,87463.33333333333,90980.0,94011.66666666667,95991.66666666667
2012-11-28,80200.0,78600.0,80000.0,78600.0,77755.0,78600.0,80740.0,82337.5,82850.0,86900.0,90462.22222222222,93508.33333333333,95860.83333333333
2012-11-29,82800.0,78900.0,78900.0,80100.0,130932.0,80100.0,79900.0,81675.0,82330.0,86550.0,90028.88888888889,93105.0,95738.33333333333
2012-11-30,80900.0,79800.0,80100.0,79800.0,58979.0,79800.0,79300.0,80987.5,81860.0,86203.33333333333,89582.22222222222,92708.33333333333,95618.33333333333
2012-12-03,80800.0,79200.0,80700.0,79200.0,46739.0,79200.0,79460.0,80350.0,81240.0,85843.33333333333,89231.11111111111,92300.0,95477.5
2012-12-04,80500.0,78900.0,78900.0,79200.0,46341.0,79200.0,79380.0,79712.5,80630.0,85416.66666666667,88880.0,91851.66666666667,95328.33333333333
2012-12-05,80400.0,77100.0,79300.0,77500.0,98793.0,77500.0,79160.0,79050.0,79950.0,84980.0,88451.11111111111,91401.66666666667,95189.16666666667
2012-12-06,78400.0,74900.0,78200.0,74900.0,116598.0,74900.0,78120.0,78612.5,79010.0,84460.0,87942.22222222222,90940.0,95030.0
2012-12-07,77100.0,74600.0,75000.0,75000.0,129898.0,75000.0,77160.0,78037.5,78230.0,84020.0,87444.44444444444,90495.0,94839.16666666667
2012-12-10,77400.0,74700.0,75200.0,75500.0,105406.0,75500.0,76420.0,77650.0,77940.0,83720.0,87008.88888888889,90070.0,94666.66666666667
2012-12-11,77300.0,75800.0,75800.0,76600.0,76259.0,76600.0,75900.0,77212.5,77640.0,83416.66666666667,86495.55555555556,89650.0,94515.83333333333
2012-12-12,79600.0,76300.0,77100.0,79500.0,95560.0,79500.0,76300.0,77175.0,77730.0,83206.66666666667,86128.88888888889,89308.33333333333,94407.5
2012-12-13,80400.0,78300.0,79300.0,79300.0,77413.0,79300.0,77180.0,77187.5,77650.0,83043.33333333333,85720.0,88951.66666666667,94305.0
2012-12-14,84600.0,79100.0,79300.0,82500.0,253434.0,82500.0,78680.0,77600.0,77920.0,82993.33333333333,85302.22222222222,88608.33333333333,94233.33333333333
2012-12-17,83500.0,81000.0,83100.0,81200.0,78921.0,81200.0,79820.0,78062.5,78120.0,82900.0,84906.66666666667,88250.0,94133.33333333333
2012-12-18,81900.0,80100.0,81700.0,80600.0,74930.0,80600.0,80620.0,78775.0,78260.0,82370.0,84520.0,87893.33333333333,94040.0
2012-12-20,83100.0,78200.0,80800.0,79000.0,78810.0,79000.0,80520.0,79275.0,78410.0,81943.33333333333,84153.33333333333,87511.66666666667,93933.33333333333
2012-12-21,80600.0,78000.0,79000.0,78500.0,76849.0,78500.0,80360.0,79650.0,78770.0,81516.66666666667,83884.44444444444,87160.0,93830.83333333333
2012-12-24,81900.0,79300.0,79600.0,80500.0,99579.0,80500.0,79960.0,80137.5,79320.0,81200.0,83668.88888888889,86836.66666666667,93737.5
2012-12-26,82800.0,78600.0,81100.0,78900.0,161263.0,78900.0,79500.0,80062.5,79660.0,80776.66666666667,83422.22222222222,86568.33333333333,93620.0
2012-12-27,80100.0,78500.0,78900.0,79900.0,64136.0,79900.0,79360.0,80137.5,79990.0,80430.0,83153.33333333333,86316.66666666667,93469.16666666667
2012-12-28,80900.0,79700.0,80400.0,80500.0,52818.0,80500.0,79660.0,79887.5,80090.0,80223.33333333333,82928.88888888889,86045.0,93350.0
2013-01-02,82500.0,80500.0,81500.0,81900.0,82986.0,81900.0,80340.0,79975.0,80350.0,80110.0,82737.77777777778,85780.0,93263.33333333333
2013-01-03,82400.0,80300.0,82400.0,80300.0,68947.0,80300.0,80300.0,79937.5,80130.0,79970.0,82562.22222222222,85495.0,93163.33333333333
2013-01-04,81700.0,79800.0,80500.0,80800.0,59520.0,80800.0,80680.0,80162.5,80090.0,79816.66666666667,82480.0,85256.66666666667,93076.66666666667
2013-01-07,84100.0,81100.0,81500.0,84100.0,161735.0,84100.0,81520.0,80862.5,80440.0,79776.66666666667,82444.44444444444,84996.66666666667,93039.16666666667
2013-01-08,87300.0,83500.0,85700.0,83500.0,324228.0,83500.0,82120.0,81237.5,80890.0,79750.0,82393.33333333333,84788.33333333333,93007.5
2013-01-09,84300.0,82500.0,84300.0,83200.0,77264.0,83200.0,82380.0,81775.0,81360.0,79713.33333333333,82371.11111111111,84546.66666666667,92936.66666666667
2013-01-10,84400.0,82900.0,83400.0,83500.0,74994.0,83500.0,83020.0,82225.0,81660.0,79736.66666666667,82360.0,84250.0,92878.33333333333
2013-01-11,84500.0,81500.0,83500.0,81600.0,91596.0,81600.0,83180.0,82362.5,81930.0,79843.33333333333,82306.66666666667,83960.0,92825.0
2013-01-14,81800.0,78900.0,81500.0,79100.0,130462.0,79100.0,82180.0,82012.5,81850.0,79826.66666666667,81920.0,83645.0,92742.5
2013-01-15,80400.0,78700.0,78700.0,79300.0,69451.0,79300.0,81340.0,81887.5,81730.0,79850.0,81642.22222222222,83375.0,92622.5
2013-01-16,82400.0,78700.0,79600.0,79700.0,168954.0,79700.0,80640.0,81750.0,81510.0,79836.66666666667,81384.44444444444,83193.33333333333,92495.0
2013-01-17,82300.0,79700.0,82000.0,80100.0,98581.0,80100.0,79960.0,81250.0,81490.0,79846.66666666667,81164.44444444444,83025.0,92355.83333333333
2013-01-18,80700.0,79200.0,80700.0,79900.0,65859.0,79900.0,79620.0,80800.0,81400.0,79870.0,80904.44444444444,82856.66666666667,92241.66666666667
2013-01-21,83800.0,79500.0,80200.0,82900.0,178728.0,82900.0,80380.0,80762.5,81280.0,79993.33333333333,80740.0,82705.0,92124.16666666667
2013-01-22,83500.0,81400.0,82900.0,81500.0,107645.0,81500.0,80820.0,80512.5,81080.0,80126.66666666667,80624.44444444444,82553.33333333333,91989.16666666667
2013-01-23,82500.0,80600.0,81500.0,81500.0,94877.0,81500.0,81180.0,80500.0,80910.0,80346.66666666667,80540.0,82403.33333333333,91835.0
2013-01-24,83300.0,80600.0,82100.0,80600.0,125652.0,80600.0,81280.0,80687.5,80620.0,80533.33333333333,80453.33333333333,82276.66666666667,91675.0
2013-01-25,84400.0,80700.0,81400.0,84200.0,259683.0,84200.0,82140.0,81300.0,80880.0,80823.33333333333,80426.66666666667,82271.66666666667,91540.83333333333
2013-01-28,85300.0,83400.0,85000.0,83700.0,149427.0,83700.0,82300.0,81800.0,81340.0,81060.0,80391.11111111111,82238.33333333333,91402.5
2013-01-29,85800.0,82900.0,83700.0,85800.0,147063.0,85800.0,83160.0,82512.5,81990.0,81270.0,80424.44444444444,82238.33333333333,91305.0
2013-01-30,87000.0,84600.0,86000.0,85600.0,163705.0,85600.0,83980.0,83225.0,82580.0,81480.0,80453.33333333333,82261.66666666667,91206.66666666667
2013-01-31,85400.0,82200.0,85300.0,82300.0,142060.0,82300.0,84320.0,83150.0,82800.0,81473.33333333333,80442.22222222222,82233.33333333333,91080.83333333333
2013-02-01,82900.0,80200.0,82000.0,80500.0,126951.0,80500.0,83580.0,83025.0,82860.0,81450.0,80488.88888888889,82175.0,90979.16666666667
2013-02-04,82000.0,79600.0,81800.0,79600.0,99333.0,79600.0,82760.0,82787.5,82530.0,81416.66666666667,80488.88888888889,81893.33333333333,90863.33333333333
2013-02-05,79400.0,77800.0,78500.0,77800.0,107820.0,77800.0,81160.0,82437.5,82160.0,81376.66666666667,80471.11111111111,81660.0,90710.0
2013-02-06,79400.0,77900.0,78200.0,78600.0,61133.0,78600.0,79760.0,81737.5,81870.0,81380.0,80437.77777777778,81448.33333333333,90570.0
2013-02-07,79500.0,78000.0,78500.0,78500.0,67726.0,78500.0,79000.0,81087.5,81660.0,81313.33333333333,80408.88888888889,81256.66666666667,90389.16666666667
2013-02-08,79500.0,78300.0,78500.0,78500.0,44535.0,78500.0,78600.0,80175.0,81090.0,81300.0,80393.33333333333,81038.33333333333,90151.66666666667
2013-02-12,79300.0,77200.0,78900.0,77500.0,81708.0,77500.0,78180.0,79162.5,80470.0,81220.0,80355.55555555556,80825.0,89911.66666666667
2013-02-13,78600.0,77500.0,77500.0,78200.0,55631.0,78200.0,78260.0,78650.0,79710.0,81143.33333333333,80371.11111111111,80683.33333333333,89618.33333333333
2013-02-14,78700.0,77900.0,78500.0,78000.0,59456.0,78000.0,78140.0,78337.5,78950.0,81013.33333333333,80440.0,80561.66666666667,89318.33333333333
2013-02-15,79100.0,78100.0,78300.0,78200.0,62745.0,78200.0,78080.0,78162.5,78540.0,80943.33333333333,80511.11111111111,80456.66666666667,89025.83333333333
2013-02-18,78700.0,77800.0,78600.0,78000.0,71565.0,78000.0,77980.0,78187.5,78290.0,80850.0,80566.66666666667,80333.33333333333,88722.5
2013-02-19,81400.0,77900.0,78000.0,80500.0,270895.0,80500.0,78580.0,78425.0,78380.0,80730.0,80653.33333333333,80253.33333333333,88453.33333333333
2013-02-20,80900.0,79800.0,80400.0,80300.0,84256.0,80300.0,79000.0,78650.0,78630.0,80623.33333333333,80671.11111111111,80186.66666666667,88195.0
2013-02-21,81700.0,80400.0,80700.0,80400.0,92758.0,80400.0,79480.0,78887.5,78810.0,80530.0,80695.55555555556,80121.66666666667,87882.5
2013-02-22,81900.0,80100.0,80100.0,80800.0,86190.0,80800.0,80000.0,79300.0,79040.0,80440.0,80657.77777777778,80088.33333333333,87572.5
2013-02-25,84600.0,82000.0,82000.0,83700.0,244858.0,83700.0,81140.0,79987.5,79560.0,80510.0,80713.33333333333,80176.66666666667,87332.5
2013-02-26,84300.0,82600.0,83700.0,83500.0,120789.0,83500.0,81740.0,80675.0,80160.0,80656.66666666667,80777.77777777778,80241.66666666667,87126.66666666667
2013-02-27,90700.0,84600.0,84800.0,90300.0,487291.0,90300.0,83740.0,82187.5,81370.0,81023.33333333333,81028.88888888889,80436.66666666667,86972.5
2013-02-28,97800.0,90800.0,91800.0,95000.0,571876.0,95000.0,86660.0,84312.5,83070.0,81533.33333333333,81395.55555555556,80685.0,86895.0
2013-03-04,99000.0,93400.0,96400.0,95100.0,350653.0,95100.0,89520.0,86137.5,84760.0,82033.33333333333,81720.0,80940.0,86824.16666666667
2013-03-05,96300.0,93800.0,95100.0,96100.0,164394.0,96100.0,92000.0,88112.5,86570.0,82573.33333333333,82102.22222222222,81221.66666666667,86760.83333333333
2013-03-06,101100.0,94200.0,98000.0,94400.0,381283.0,94400.0,94180.0,89862.5,87960.0,82956.66666666667,82424.44444444444,81475.0,86663.33333333333
2013-03-07,98500.0,92600.0,94400.0,98100.0,276950.0,98100.0,95740.0,92025.0,89740.0,83510.0,82815.55555555556,81818.33333333333,86610.0
2013-03-08,99400.0,96600.0,98500.0,96600.0,186737.0,96600.0,96060.0,93637.5,91360.0,84013.33333333333,83142.22222222222,82180.0,86560.0
2013-03-11,97900.0,93400.0,97700.0,97300.0,173488.0,97300.0,96500.0,95362.5,93010.0,84570.0,83520.0,82551.66666666667,86523.33333333333
2013-03-12,101900.0,97200.0,97200.0,99700.0,407535.0,99700.0,97220.0,96537.5,94610.0,85086.66666666667,83940.0,82955.0,86512.5
2013-03-13,100700.0,98400.0,100300.0,99700.0,153202.0,99700.0,98280.0,97125.0,96230.0,85620.0,84286.66666666667,83340.0,86495.0
2013-03-14,100500.0,97600.0,100400.0,99000.0,160571.0,99000.0,98460.0,97612.5,97100.0,86060.0,84631.11111111111,83665.0,86486.66666666667
2013-03-15,103000.0,98900.0,100500.0,101000.0,270865.0,101000.0,99340.0,98225.0,97700.0,86573.33333333333,85026.66666666667,84026.66666666667,86489.16666666667
2013-03-18,101500.0,92200.0,100800.0,92200.0,389418.0,92200.0,98320.0,97950.0,97410.0,86903.33333333333,85220.0,84188.33333333333,86398.33333333333
2013-03-19,94800.0,92900.0,93000.0,94000.0,136494.0,94000.0,97180.0,97437.5,97200.0,87353.33333333333,85495.55555555556,84401.66666666667,86325.83333333333
2013-03-20,94600.0,89600.0,93800.0,90300.0,285196.0,90300.0,95300.0,96650.0,96790.0,87710.0,85744.44444444444,84563.33333333333,86228.33333333333
2013-03-21,92500.0,89600.0,91500.0,91300.0,125387.0,91300.0,93760.0,95900.0,96110.0,88160.0,86011.11111111111,84768.33333333333,86140.0
2013-03-22,92300.0,90400.0,90800.0,91200.0,105340.0,91200.0,91800.0,94837.5,95570.0,88580.0,86266.66666666667,84980.0,86070.0
2013-03-25,92600.0,89500.0,91900.0,89500.0,116810.0,89500.0,91260.0,93562.5,94790.0,88946.66666666667,86475.55555555556,85130.0,85983.33333333333
2013-03-26,91900.0,88200.0,89500.0,91900.0,145718.0,91900.0,90840.0,92675.0,94010.0,89393.33333333333,86742.22222222222,85346.66666666667,85957.5
2013-03-27,92100.0,89200.0,92000.0,89500.0,100133.0,89500.0,90680.0,91237.5,92990.0,89793.33333333333,86888.88888888889,85506.66666666667,85911.66666666667
2013-03-28,91900.0,89600.0,89600.0,90500.0,79529.0,90500.0,90520.0,91025.0,92140.0,90203.33333333333,87088.88888888889,85673.33333333333,85859.16666666667
2013-03-29,92700.0,89900.0,90800.0,92500.0,152315.0,92500.0,90780.0,90837.5,91290.0,90686.66666666667,87333.33333333333,85850.0,85815.0
2013-04-01,93200.0,91400.0,93200.0,92000.0,79173.0,92000.0,91280.0,91050.0,91270.0,91146.66666666667,87586.66666666667,86045.0,85770.0
2013-04-02,92400.0,88600.0,91600.0,90000.0,120919.0,90000.0,90900.0,90887.5,90870.0,91546.66666666667,87715.55555555556,86198.33333333333,85727.5
2013-04-03,90800.0,88600.0,90300.0,89400.0,94702.0,89400.0,90880.0,90662.5,90780.0,91843.33333333333,87842.22222222222,86286.66666666667,85641.66666666667
2013-04-04,88500.0,81800.0,88400.0,87500.0,222079.0,87500.0,90280.0,90412.5,90400.0,92083.33333333333,87880.0,86353.33333333333,85570.83333333333
2013-04-05,89100.0,85200.0,87700.0,86500.0,119774.0,86500.0,89080.0,89737.5,89930.0,92286.66666666667,87900.0,86408.33333333333,85477.5
2013-04-08,87000.0,80300.0,86000.0,80400.0,204402.0,80400.0,86760.0,88600.0,89020.0,92273.33333333333,87857.77777777778,86356.66666666667,85303.33333333333
2013-04-09,82600.0,79200.0,80100.0,81000.0,119856.0,81000.0,84960.0,87412.5,87930.0,92183.33333333333,87868.88888888889,86346.66666666667,85153.33333333333
2013-04-10,82000.0,80500.0,81000.0,81300.0,89360.0,81300.0,83340.0,86012.5,87110.0,92110.0,87906.66666666667,86383.33333333333,85014.16666666667
2013-04-11,85600.0,82400.0,82500.0,84000.0,126783.0,84000.0,82640.0,85012.5,86460.0,91900.0,88044.44444444444,86461.66666666667,84918.33333333333
2013-04-12,91900.0,83800.0,84800.0,89200.0,429875.0,89200.0,83180.0,84912.5,86130.0,91706.66666666667,88280.0,86620.0,84906.66666666667
2013-04-15,91600.0,89900.0,91000.0,90500.0,113040.0,90500.0,85200.0,85050.0,85980.0,91553.33333333333,88546.66666666667,86793.33333333333,84909.16666666667
2013-04-16,90800.0,88500.0,89400.0,89300.0,112252.0,89300.0,86860.0,85275.0,85910.0,91326.66666666667,88786.66666666667,86950.0,84903.33333333333
2013-04-17,91600.0,89200.0,90600.0,90300.0,121562.0,90300.0,88660.0,85750.0,86000.0,91190.0,89071.11111111111,87073.33333333333,84889.16666666667
2013-04-18,92600.0,89500.0,89500.0,89600.0,122434.0,89600.0,89780.0,86900.0,86210.0,90906.66666666667,89324.44444444444,87208.33333333333,84880.83333333333
2013-04-19,88700.0,83500.0,88400.0,84000.0,209299.0,84000.0,88740.0,87275.0,85960.0,90486.66666666667,89457.77777777778,87250.0,84826.66666666667
2013-04-22,86400.0,82800.0,83300.0,85200.0,97917.0,85200.0,87680.0,87762.5,86440.0,90083.33333333333,89613.33333333333,87326.66666666667,84801.66666666667
2013-04-23,86000.0,83400.0,85200.0,84100.0,77805.0,84100.0,86640.0,87775.0,86750.0,89563.33333333333,89748.88888888889,87325.0,84798.33333333333
2013-04-24,85900.0,84400.0,84900.0,85800.0,76395.0,85800.0,85740.0,87350.0,87200.0,89100.0,89866.66666666667,87360.0,84799.16666666667
2013-04-25,86400.0,83400.0,86300.0,83800.0,86136.0,83800.0,84580.0,86512.5,87180.0,88593.33333333333,89944.44444444444,87326.66666666667,84782.5
2013-04-26,84500.0,82400.0,84200.0,82400.0,96693.0,82400.0,84260.0,85650.0,86500.0,87973.33333333333,89988.88888888889,87273.33333333333,84767.5
2013-04-29,84200.0,82100.0,82400.0,82600.0,69283.0,82600.0,83740.0,84687.5,85710.0,87653.33333333333,90028.88888888889,87278.33333333333,84755.83333333333
2013-04-30,84700.0,83200.0,83800.0,84100.0,60042.0,84100.0,83740.0,84000.0,85190.0,87323.33333333333,90037.77777777778,87338.33333333333,84756.66666666667
2013-05-02,84900.0,82200.0,84500.0,82200.0,79904.0,82200.0,83020.0,83775.0,84380.0,87053.33333333333,90008.88888888889,87381.66666666667,84637.5
2013-05-03,83500.0,81200.0,82800.0,82700.0,64217.0,82700.0,82800.0,83462.5,83690.0,86766.66666666667,89840.0,87463.33333333333,84561.66666666667
2013-05-06,83400.0,82200.0,83100.0,82500.0,42673.0,82500.0,82820.0,83262.5,83540.0,86476.66666666667,89562.22222222222,87528.33333333333,84488.33333333333
2013-05-07,83700.0,82100.0,82900.0,82400.0,67791.0,82400.0,82780.0,82837.5,83260.0,86240.0,89280.0,87593.33333333333,84425.0
2013-05-08,83100.0,81400.0,83000.0,81400.0,82835.0,81400.0,82240.0,82537.5,82990.0,85890.0,88953.33333333333,87641.66666666667,84340.0
2013-05-09,82000.0,80100.0,81400.0,80500.0,114218.0,80500.0,81900.0,82300.0,82460.0,85590.0,88644.44444444444,87691.66666666667,84258.33333333333
2013-05-10,81300.0,80400.0,80500.0,80500.0,53951.0,80500.0,81460.0,82037.5,82130.0,85256.66666666667,88253.33333333333,87730.0,84206.66666666667
2013-05-13,81100.0,79000.0,80900.0,79100.0,76936.0,79100.0,80780.0,81412.5,81800.0,84810.0,87864.44444444444,87748.33333333333,84155.0
2013-05-14,80600.0,78800.0,78800.0,79400.0,59938.0,79400.0,80180.0,81062.5,81480.0,84390.0,87466.66666666667,87768.33333333333,84112.5
2013-05-15,80700.0,79500.0,79500.0,80600.0,43013.0,80600.0,80020.0,80800.0,81130.0,84076.66666666667,87042.22222222222,87811.66666666667,84072.5
2013-05-16,84700.0,81200.0,82700.0,81200.0,151238.0,81200.0,80160.0,80637.5,81030.0,83803.33333333333,86631.11111111111,87823.33333333333,84038.33333333333
2013-05-20,82000.0,80000.0,80900.0,80100.0,48863.0,80100.0,80080.0,80350.0,80770.0,83556.66666666667,86211.11111111111,87820.0,84003.33333333333
2013-05-21,81500.0,80000.0,81400.0,80300.0,55763.0,80300.0,80320.0,80212.5,80550.0,83350.0,85751.11111111111,87818.33333333333,83970.0
2013-05-22,81200.0,79800.0,80400.0,79800.0,54129.0,79800.0,80400.0,80125.0,80290.0,83330.0,85475.55555555556,87801.66666666667,83945.0
2013-05-23,80800.0,78600.0,79800.0,78600.0,96195.0,78600.0,80000.0,79887.5,80010.0,83250.0,85133.33333333333,87716.66666666667,83946.66666666667
2013-05-24,79300.0,78200.0,78700.0,78800.0,55007.0,78800.0,79520.0,79850.0,79840.0,83166.66666666667,84877.77777777778,87638.33333333333,83940.0
2013-05-27,79300.0,78300.0,78800.0,79300.0,47811.0,79300.0,79360.0,79837.5,79720.0,83010.0,84611.11111111111,87455.0,83945.83333333333
2013-05-28,81900.0,79000.0,79100.0,81000.0,86192.0,81000.0,79500.0,79887.5,79910.0,82736.66666666667,84384.44444444444,87221.66666666667,83953.33333333333
2013-05-29,81700.0,80500.0,81000.0,80500.0,53558.0,80500.0,79640.0,79800.0,80020.0,82403.33333333333,84184.44444444444,86978.33333333333,83959.16666666667
2013-05-30,84000.0,79700.0,80700.0,83800.0,114866.0,83800.0,80680.0,80262.5,80340.0,82220.0,84004.44444444444,86773.33333333333,83997.5
2013-05-31,84100.0,81600.0,84100.0,81600.0,108429.0,81600.0,81240.0,80425.0,80380.0,81930.0,83828.88888888889,86560.0,84017.5
2013-06-03,82200.0,79600.0,80800.0,79600.0,63378.0,79600.0,81300.0,80400.0,80330.0,81596.66666666667,83586.66666666667,86251.66666666667,84035.0
2013-06-04,80200.0,78600.0,80000.0,78600.0,70577.0,78600.0,80820.0,80400.0,80160.0,81416.66666666667,83277.77777777778,85951.66666666667,84065.83333333333
2013-06-05,79100.0,77400.0,78200.0,78200.0,59918.0,78200.0,80360.0,80325.0,80000.0,81183.33333333333,82971.11111111111,85633.33333333333,84092.5
2013-06-07,78200.0,74800.0,77500.0,75100.0,110742.0,75100.0,78620.0,79800.0,79650.0,80883.33333333333,82640.0,85223.33333333333,84089.16666666667
2013-06-10,76700.0,75100.0,75100.0,76200.0,46067.0,76200.0,77540.0,79200.0,79390.0,80563.33333333333,82346.66666666667,84831.66666666667,84085.83333333333
2013-06-11,76600.0,75300.0,75600.0,76200.0,44950.0,76200.0,76860.0,78662.5,79080.0,80310.0,82095.55555555556,84451.66666666667,84058.33333333333
2013-06-12,76700.0,75600.0,75600.0,76200.0,35409.0,76200.0,76380.0,77712.5,78600.0,80103.33333333333,81866.66666666667,84038.33333333333,84032.5
2013-06-13,77800.0,75400.0,75800.0,76200.0,71193.0,76200.0,75980.0,77037.5,78170.0,79890.0,81773.33333333333,83771.66666666667,83980.0
2013-06-14,78900.0,76200.0,77900.0,76300.0,65792.0,76300.0,76220.0,76625.0,77420.0,79630.0,81668.88888888889,83476.66666666667,83939.16666666667
2013-06-17,80400.0,75500.0,76600.0,77000.0,158736.0,77000.0,76380.0,76425.0,76960.0,79456.66666666667,81573.33333333333,83255.0,83909.16666666667
2013-06-18,77400.0,76200.0,76500.0,76200.0,48673.0,76200.0,76380.0,76175.0,76620.0,79240.0,81400.0,83003.33333333333,83885.83333333333
2013-06-19,76700.0,73300.0,76200.0,73300.0,95902.0,73300.0,75800.0,75950.0,76090.0,78933.33333333333,81046.66666666667,82705.0,83842.5
2013-06-20,72000.0,67200.0,71100.0,67400.0,207624.0,67400.0,74040.0,74850.0,75010.0,78433.33333333333,80533.33333333333,82336.66666666667,83733.33333333333
2013-06-21,65500.0,63200.0,64500.0,64400.0,162372.0,64400.0,71660.0,73375.0,73940.0,77866.66666666667,79980.0,81878.33333333333,83612.5
2013-06-24,65500.0,61700.0,64900.0,61700.0,109440.0,61700.0,68600.0,71562.5,72490.0,77240.0,79344.44444444444,81415.0,83460.83333333333
2013-06-25,62100.0,55600.0,60200.0,56300.0,277325.0,56300.0,64620.0,69075.0,70500.0,76433.33333333333,78604.44444444444,80845.0,83259.16666666667
2013-06-26,58700.0,56300.0,57400.0,58500.0,143178.0,58500.0,61660.0,66850.0,68730.0,75746.66666666667,78037.77777777778,80278.33333333333,83064.16666666667
2013-06-27,61800.0,59600.0,60000.0,61200.0,108568.0,61200.0,60420.0,64875.0,67230.0,75140.0,77504.44444444444,79765.0,82905.0
2013-06-28,65000.0,60600.0,61500.0,62500.0,157149.0,62500.0,60040.0,63162.5,65850.0,74536.66666666667,77024.44444444444,79306.66666666667,82752.5
2013-07-01,66500.0,63400.0,63700.0,64700.0,129752.0,64700.0,60640.0,62087.5,64620.0,73986.66666666667,76555.55555555556,78895.0,82590.83333333333
2013-07-02,65000.0,63000.0,64700.0,63100.0,85792.0,63100.0,62000.0,61550.0,63310.0,73420.0,76095.55555555556,78488.33333333333,82420.83333333333
2013-07-03,63600.0,60600.0,62900.0,60600.0,78339.0,60600.0,62420.0,61075.0,62040.0,72763.33333333333,75611.11111111111,78056.66666666667,82232.5
2013-07-04,62800.0,60800.0,61600.0,62300.0,70103.0,62300.0,62640.0,61150.0,61530.0,72180.0,75160.0,77755.0,82055.83333333333
2013-07-05,63200.0,61700.0,62400.0,62300.0,44418.0,62300.0,62600.0,61900.0,61320.0,71636.66666666667,74675.55555555556,77443.33333333333,81895.0
2013-07-08,64200.0,62000.0,62300.0,62300.0,57747.0,62300.0,62120.0,62375.0,61380.0,71086.66666666667,74233.33333333333,77126.66666666667,81755.0
2013-07-09,62900.0,60400.0,62500.0,60900.0,61754.0,60900.0,61680.0,62337.5,61840.0,70473.33333333333,73748.88888888889,76741.66666666667,81601.66666666667
2013-07-10,61200.0,59000.0,60800.0,59800.0,67000.0,59800.0,61520.0,62000.0,61970.0,69766.66666666667,73244.44444444444,76251.66666666667,81435.83333333333
2013-07-11,63100.0,60100.0,60300.0,62700.0,78054.0,62700.0,61600.0,61750.0,62120.0,69173.33333333333,72806.66666666667,75788.33333333333,81290.83333333333
2013-07-12,63700.0,61900.0,62500.0,63500.0,64010.0,63500.0,61840.0,61800.0,62220.0,68496.66666666667,72408.88888888889,75358.33333333333,81154.16666666667
2013-07-15,64000.0,62400.0,63100.0,63700.0,45783.0,63700.0,62120.0,62187.5,62120.0,67900.0,72035.55555555556,74915.0,80994.16666666667
2013-07-16,64300.0,63200.0,63500.0,64300.0,48352.0,64300.0,62800.0,62437.5,62240.0,67390.0,71675.55555555556,74493.33333333333,80850.83333333333
2013-07-17,65300.0,64000.0,64400.0,64900.0,46375.0,64900.0,63820.0,62762.5,62670.0,66933.33333333333,71360.0,74175.0,80712.5
2013-07-18,65200.0,63500.0,65100.0,64500.0,45566.0,64500.0,64180.0,63037.5,62890.0,66476.66666666667,71028.88888888889,73830.0,80578.33333333333
2013-07-19,64700.0,63000.0,64400.0,64200.0,54202.0,64200.0,64320.0,63450.0,63080.0,66113.33333333333,70664.44444444444,73498.33333333333,80411.66666666667
2013-07-22,65600.0,64000.0,64700.0,65500.0,54102.0,65500.0,64680.0,64162.5,63400.0,65756.66666666667,70315.55555555556,73160.0,80260.0
2013-07-23,69600.0,65100.0,65500.0,67400.0,178829.0,67400.0,65300.0,64750.0,64050.0,65463.333333333336,70033.33333333333,72886.66666666667,80106.66666666667
2013-07-24,67500.0,65700.0,67500.0,65700.0,65582.0,65700.0,65460.0,65025.0,64640.0,65113.333333333336,69708.88888888889,72608.33333333333,79940.83333333333
2013-07-25,65800.0,64000.0,65700.0,64000.0,79753.0,64000.0,65360.0,65062.5,64770.0,64706.666666666664,69357.77777777778,72298.33333333333,79788.33333333333
2013-07-26,65200.0,63800.0,63900.0,64200.0,40296.0,64200.0,65360.0,65050.0,64840.0,64303.333333333336,69037.77777777778,71966.66666666667,79652.5
2013-07-29,64700.0,63100.0,64300.0,63200.0,43526.0,63200.0,64900.0,64837.5,64790.0,63843.333333333336,68691.11111111111,71650.0,79515.83333333333
2013-07-30,64100.0,63200.0,63900.0,63400.0,35909.0,63400.0,64100.0,64700.0,64700.0,63416.666666666664,68337.77777777778,71328.33333333333,79395.83333333333
2013-07-31,68900.0,63400.0,63500.0,66800.0,191723.0,66800.0,64320.0,65025.0,64890.0,63200.0,68022.22222222222,71066.66666666667,79297.5
2013-08-01,67300.0,64800.0,67300.0,65300.0,82392.0,65300.0,64580.0,65000.0,64970.0,63130.0,67684.44444444444,70781.66666666667,79187.5
2013-08-02,66700.0,65300.0,65800.0,65800.0,38219.0,65800.0,64900.0,64800.0,65130.0,63176.666666666664,67284.44444444444,70521.66666666667,79081.66666666667
2013-08-05,66300.0,65100.0,65800.0,65600.0,37678.0,65600.0,65380.0,64787.5,65140.0,63306.666666666664,66928.88888888889,70273.33333333333,78982.5
2013-08-06,67400.0,64900.0,65300.0,65300.0,80942.0,65300.0,65760.0,64950.0,64930.0,63606.666666666664,66611.11111111111,70020.0,78875.0
2013-08-07,65300.0,63800.0,64900.0,63800.0,64192.0,63800.0,65160.0,64900.0,64740.0,63783.333333333336,66282.22222222222,69765.0,78756.66666666667
2013-08-08,67000.0,63800.0,64000.0,65500.0,157804.0,65500.0,65200.0,65187.5,64890.0,63926.666666666664,66000.0,69533.33333333333,78650.83333333333
2013-08-09,65500.0,64400.0,65200.0,65000.0,36816.0,65000.0,65040.0,65387.5,64970.0,64010.0,65775.55555555556,69273.33333333333,78542.5
2013-08-12,65500.0,63800.0,65200.0,64000.0,60231.0,64000.0,64720.0,65037.5,65050.0,63986.666666666664,65504.444444444445,68986.66666666667,78405.0
2013-08-13,64400.0,62800.0,63600.0,63100.0,64858.0,63100.0,64280.0,64762.5,65020.0,63986.666666666664,65213.333333333336,68703.33333333333,78261.66666666667
2013-08-14,64500.0,63200.0,63500.0,63400.0,46223.0,63400.0,64200.0,64462.5,64680.0,64080.0,64928.88888888889,68421.66666666667,78120.0
2013-08-16,63100.0,62000.0,62500.0,62700.0,33507.0,62700.0,63640.0,64100.0,64420.0,64093.333333333336,64628.88888888889,68136.66666666667,77969.16666666667
2013-08-19,63200.0,61800.0,62800.0,62300.0,54555.0,62300.0,63100.0,63725.0,64070.0,64093.333333333336,64317.77777777778,67865.0,77790.83333333333
2013-08-20,62300.0,60300.0,61500.0,60600.0,86807.0,60600.0,62420.0,63325.0,63570.0,64036.666666666664,63953.333333333336,67561.66666666667,77600.0
2013-08-21,60600.0,58400.0,60400.0,58800.0,93881.0,58800.0,61560.0,62487.5,62920.0,63966.666666666664,63566.666666666664,67220.0,77337.5
2013-08-22,58000.0,56000.0,57800.0,56000.0,115532.0,56000.0,60080.0,61362.5,62140.0,63840.0,63182.22222222222,66803.33333333333,77012.5
2013-08-23,60300.0,56100.0,56100.0,57800.0,166880.0,57800.0,59100.0,60587.5,61370.0,63676.666666666664,62968.88888888889,66425.0,76701.66666666667
2013-08-26,59700.0,58000.0,58600.0,58200.0,60476.0,58200.0,58280.0,59975.0,60690.0,63500.0,62831.11111111111,65998.33333333333,76385.83333333333
2013-08-27,58700.0,56100.0,58200.0,56100.0,72186.0,56100.0,57380.0,59062.5,59900.0,63246.666666666664,62706.666666666664,65573.33333333333,76066.66666666667
2013-08-28,55400.0,53700.0,53800.0,54600.0,134389.0,54600.0,56540.0,58050.0,59050.0,62923.333333333336,62668.88888888889,65156.666666666664,75704.16666666667
2013-08-29,56000.0,54600.0,54900.0,54700.0,63680.0,54700.0,56280.0,57100.0,58180.0,62583.333333333336,62584.444444444445,64758.333333333336,75355.0
2013-08-30,55800.0,53700.0,54800.0,53900.0,88778.0,53900.0,55500.0,56262.5,57300.0,62230.0,62422.22222222222,64353.333333333336,74993.33333333333
2013-09-02,56000.0,53500.0,53500.0,55600.0,93663.0,55600.0,54980.0,55862.5,56630.0,61943.333333333336,62268.88888888889,64028.333333333336,74625.83333333333
2013-09-03,59000.0,55800.0,56000.0,57600.0,166617.0,57600.0,55280.0,56062.5,56330.0,61680.0,62111.11111111111,63718.333333333336,74275.0
2013-09-04,59100.0,56600.0,57100.0,56700.0,137202.0,56700.0,55700.0,55925.0,56120.0,61323.333333333336,61968.88888888889,63393.333333333336,73922.5
2013-09-05,58000.0,56500.0,57300.0,56800.0,63859.0,56800.0,56120.0,55750.0,56200.0,61026.666666666664,61884.444444444445,63070.0,73554.16666666667
2013-09-06,57300.0,54800.0,56700.0,54900.0,69831.0,54900.0,56320.0,55600.0,55910.0,60723.333333333336,61720.0,62715.0,73243.33333333333
2013-09-09,55300.0,54100.0,55300.0,54700.0,45904.0,54700.0,56140.0,55612.5,55560.0,60406.666666666664,61551.11111111111,62355.0,72915.83333333333
2013-09-10,56300.0,54500.0,55000.0,56100.0,78707.0,56100.0,55840.0,55787.5,55560.0,60170.0,61413.333333333336,62006.666666666664,72630.83333333333
2013-09-11,64500.0,56400.0,57000.0,64500.0,704145.0,64500.0,57400.0,57112.5,56550.0,60206.666666666664,61493.333333333336,61811.666666666664,72407.5
2013-09-12,72800.0,63200.0,63300.0,66000.0,1511500.0,66000.0,59240.0,58412.5,57680.0,60180.0,61631.11111111111,61690.0,72197.5
2013-09-13,69500.0,64800.0,67300.0,66000.0,510516.0,66000.0,61460.0,59462.5,58890.0,60203.333333333336,61704.444444444445,61666.666666666664,72001.66666666667
2013-09-16,66400.0,63200.0,66400.0,63500.0,283074.0,63500.0,63220.0,60312.5,59680.0,60126.666666666664,61704.444444444445,61651.666666666664,71765.0
2013-09-17,66200.0,63600.0,63600.0,64300.0,243769.0,64300.0,64860.0,61250.0,60350.0,60083.333333333336,61717.77777777778,61695.0,71555.0
2013-09-23,65800.0,63600.0,64700.0,64600.0,148386.0,64600.0,64880.0,62462.5,61140.0,60060.0,61724.444444444445,61833.333333333336,71339.16666666667
2013-09-24,67100.0,64000.0,64500.0,65300.0,236241.0,65300.0,64740.0,63787.5,61990.0,60110.0,61733.333333333336,61946.666666666664,71112.5
2013-09-25,66000.0,64100.0,65600.0,65000.0,107196.0,65000.0,64540.0,64900.0,63000.0,60093.333333333336,61744.444444444445,62010.0,70887.5
2013-09-26,68300.0,65300.0,65500.0,66000.0,273726.0,66000.0,65040.0,65087.5,64130.0,60126.666666666664,61784.444444444445,62068.333333333336,70687.5
2013-09-27,67000.0,65400.0,66700.0,66700.0,123073.0,66700.0,65520.0,65175.0,65190.0,60216.666666666664,61811.11111111111,62101.666666666664,70498.33333333333
2013-09-30,67000.0,64600.0,66900.0,64700.0,115251.0,64700.0,65540.0,65012.5,65210.0,60270.0,61751.11111111111,62128.333333333336,70308.33333333333
2013-10-01,64800.0,62300.0,64500.0,63100.0,105481.0,63100.0,65100.0,64962.5,64920.0,60260.0,61693.333333333336,62170.0,70113.33333333333
2013-10-02,69900.0,63500.0,64300.0,67100.0,442679.0,67100.0,65520.0,65312.5,65030.0,60406.666666666664,61762.22222222222,62250.0,70002.5
2013-10-04,69300.0,66000.0,68000.0,66100.0,197443.0,66100.0,65540.0,65500.0,65290.0,60533.333333333336,61804.444444444445,62313.333333333336,69878.33333333333
2013-10-07,67100.0,65000.0,66600.0,66100.0,82421.0,66100.0,65420.0,65600.0,65470.0,60716.666666666664,61868.88888888889,62376.666666666664,69751.66666666667
2013-10-08,71000.0,66000.0,66000.0,69900.0,400806.0,69900.0,66460.0,66212.5,66000.0,61086.666666666664,62013.333333333336,62526.666666666664,69634.16666666667
2013-10-10,71200.0,68600.0,70200.0,69100.0,171355.0,69100.0,67660.0,66600.0,66380.0,61523.333333333336,62064.444444444445,62681.666666666664,69466.66666666667
2013-10-11,71500.0,68300.0,69600.0,70700.0,199767.0,70700.0,68380.0,67100.0,66950.0,61953.333333333336,62184.444444444445,62815.0,69301.66666666667
2013-10-14,81000.0,69700.0,71100.0,80000.0,1277834.0,80000.0,71160.0,69012.5,68350.0,62680.0,62500.0,63090.0,69224.16666666667
2013-10-15,86000.0,78100.0,80600.0,78500.0,873505.0,78500.0,73640.0,70937.5,69530.0,63426.666666666664,62786.666666666664,63336.666666666664,69125.83333333333
2013-10-16,81900.0,76000.0,79500.0,78400.0,493391.0,78400.0,75340.0,72350.0,70900.0,64220.0,63077.77777777778,63571.666666666664,69032.5
2013-10-17,81100.0,78700.0,79900.0,81100.0,323891.0,81100.0,77740.0,74225.0,72700.0,65100.0,63462.22222222222,63841.666666666664,69008.33333333333
2013-10-18,80800.0,76500.0,80100.0,77800.0,325503.0,77800.0,79160.0,75687.5,73770.0,65896.66666666667,63735.555555555555,64063.333333333336,68946.66666666667
2013-10-21,81300.0,77100.0,78300.0,79900.0,232202.0,79900.0,79140.0,76937.5,75150.0,66706.66666666667,64066.666666666664,64325.0,68911.66666666667
2013-10-22,82200.0,79700.0,81000.0,80000.0,201613.0,80000.0,79440.0,78300.0,76540.0,67453.33333333333,64422.22222222222,64566.666666666664,68863.33333333333
2013-10-23,80500.0,77900.0,79600.0,78200.0,130685.0,78200.0,79400.0,79237.5,77370.0,68170.0,64757.77777777778,64746.666666666664,68816.66666666667
2013-10-24,84900.0,76800.0,77600.0,81000.0,719633.0,81000.0,79380.0,79362.5,78560.0,68976.66666666667,65148.88888888889,65001.666666666664,68805.0
2013-10-25,83300.0,79600.0,82200.0,79600.0,185046.0,79600.0,79740.0,79500.0,79450.0,69800.0,65524.444444444445,65261.666666666664,68780.0
2013-10-28,80800.0,79000.0,80000.0,79400.0,116582.0,79400.0,79640.0,79625.0,79390.0,70623.33333333333,65904.44444444444,65515.0,68740.83333333333
2013-10-29,81200.0,79000.0,80000.0,79400.0,145763.0,79400.0,79520.0,79412.5,79480.0,71400.0,66322.22222222222,65785.0,68717.5
2013-10-30,80200.0,78400.0,79700.0,78800.0,107810.0,78800.0,79640.0,79537.5,79520.0,71876.66666666667,66766.66666666667,66041.66666666667,68685.0
2013-10-31,79500.0,77100.0,79500.0,77400.0,118881.0,77400.0,78920.0,79225.0,79150.0,72256.66666666667,67242.22222222222,66218.33333333333,68642.5
2013-11-01,78300.0,73500.0,77400.0,73800.0,215581.0,73800.0,77760.0,78450.0,78750.0,72516.66666666667,67597.77777777778,66360.0,68570.83333333333
2013-11-04,74600.0,72000.0,73800.0,73600.0,107144.0,73600.0,76600.0,77875.0,78120.0,72853.33333333333,67940.0,66490.0,68505.83333333333
2013-11-05,75300.0,72300.0,73600.0,72900.0,89018.0,72900.0,75300.0,76862.5,77410.0,73140.0,68313.33333333333,66611.66666666667,68442.5
2013-11-06,76300.0,73100.0,73300.0,73300.0,162624.0,73300.0,74200.0,76075.0,76920.0,73430.0,68728.88888888889,66745.0,68382.5
2013-11-07,76200.0,71200.0,73800.0,72000.0,254962.0,72000.0,73120.0,75150.0,76020.0,73653.33333333333,69113.33333333333,66881.66666666667,68323.33333333333
2013-11-08,73000.0,70200.0,71300.0,70600.0,97197.0,70600.0,72480.0,74050.0,75120.0,73840.0,69484.44444444444,66966.66666666667,68250.0
2013-11-11,71600.0,67300.0,71000.0,67400.0,170948.0,67400.0,71240.0,72625.0,73920.0,73886.66666666667,69746.66666666667,67006.66666666667,68140.0
2013-11-12,68700.0,67000.0,67000.0,68200.0,89494.0,68200.0,70300.0,71475.0,72800.0,73936.66666666667,69982.22222222222,67076.66666666667,68031.66666666667
2013-11-13,68900.0,65400.0,68700.0,65400.0,96144.0,65400.0,68720.0,70425.0,71460.0,73960.0,70175.55555555556,67115.0,67909.16666666667
2013-11-14,68000.0,65600.0,66100.0,68000.0,85478.0,68000.0,67920.0,69725.0,70520.0,74123.33333333333,70424.44444444444,67191.66666666667,67806.66666666667
2013-11-15,68900.0,67600.0,67700.0,68100.0,67612.0,68100.0,67420.0,69125.0,69950.0,74156.66666666667,70717.77777777778,67281.66666666667,67709.16666666667
2013-11-18,70300.0,68300.0,68300.0,69400.0,94288.0,69400.0,67820.0,68637.5,69530.0,74266.66666666667,71044.44444444444,67400.0,67632.5
2013-11-19,69900.0,68300.0,69900.0,68900.0,56648.0,68900.0,67960.0,68250.0,69130.0,74360.0,71328.88888888889,67538.33333333333,67550.0
2013-11-20,70000.0,68300.0,69400.0,69500.0,68987.0,69500.0,68780.0,68112.5,68750.0,74346.66666666667,71440.0,67716.66666666667,67468.33333333333
2013-11-21,69900.0,68100.0,69700.0,68200.0,55933.0,68200.0,68820.0,68212.5,68370.0,74316.66666666667,71488.88888888889,67920.0,67361.66666666667
2013-11-22,69100.0,67100.0,69100.0,67100.0,59724.0,67100.0,68620.0,68075.0,68020.0,74196.66666666667,71513.33333333333,68075.0,67250.0
2013-11-25,70100.0,67700.0,68000.0,69800.0,104470.0,69800.0,68700.0,68625.0,68260.0,73856.66666666667,71653.33333333333,68268.33333333333,67133.33333333333
2013-11-26,71000.0,69300.0,70400.0,69600.0,78970.0,69600.0,68840.0,68825.0,68400.0,73560.0,71771.11111111111,68493.33333333333,67033.33333333333
2013-11-27,70100.0,68600.0,69800.0,69300.0,50233.0,69300.0,68800.0,68975.0,68790.0,73256.66666666667,71875.55555555556,68738.33333333333,66947.5
2013-11-28,70900.0,69400.0,69500.0,70600.0,75130.0,70600.0,69280.0,69125.0,69050.0,72906.66666666667,71993.33333333333,69003.33333333333,66880.83333333333
2013-11-29,72700.0,70100.0,70900.0,71700.0,112051.0,71700.0,70200.0,69475.0,69410.0,72703.33333333333,72142.22222222222,69300.0,66826.66666666667
2013-12-02,73600.0,71200.0,72300.0,71600.0,72622.0,71600.0,70560.0,69737.5,69630.0,72426.66666666667,72266.66666666667,69566.66666666667,66797.5
2013-12-03,71600.0,69500.0,71600.0,69600.0,76600.0,69600.0,70560.0,69912.5,69700.0,72080.0,72331.11111111111,69766.66666666667,66742.5
2013-12-04,70100.0,67100.0,69200.0,67300.0,84390.0,67300.0,70160.0,69937.5,69480.0,71716.66666666667,72388.88888888889,69943.33333333333,66668.33333333333
2013-12-05,71500.0,68000.0,68000.0,69100.0,202590.0,69100.0,69860.0,69850.0,69570.0,71320.0,72522.22222222222,70148.33333333333,66609.16666666667
2013-12-06,70000.0,68300.0,69900.0,68500.0,50392.0,68500.0,69220.0,69712.5,69710.0,70950.0,72553.33333333333,70375.0,66545.0
2013-12-09,69000.0,67500.0,68900.0,68000.0,57793.0,68000.0,68500.0,69550.0,69530.0,70570.0,72595.55555555556,70596.66666666667,66475.83333333333
2013-12-10,68600.0,65100.0,68000.0,66200.0,87307.0,66200.0,67820.0,69000.0,69190.0,70130.0,72597.77777777778,70765.0,66385.83333333333
2013-12-11,66500.0,63200.0,65700.0,63300.0,123471.0,63300.0,67020.0,67950.0,68590.0,69613.33333333333,72451.11111111111,70745.0,66278.33333333333
2013-12-12,64800.0,62100.0,62300.0,63500.0,58376.0,63500.0,65900.0,66937.5,67880.0,69150.0,72326.66666666667,70703.33333333333,66196.66666666667
2013-12-13,64500.0,62200.0,63100.0,62500.0,56408.0,62500.0,64700.0,66050.0,66960.0,68773.33333333333,72144.44444444444,70645.0,66155.83333333333
2013-12-16,64500.0,61300.0,62200.0,61300.0,104815.0,61300.0,63360.0,65300.0,65930.0,68363.33333333333,71728.88888888889,70608.33333333333,66130.0
2013-12-17,62700.0,60900.0,61900.0,60900.0,49561.0,60900.0,62300.0,64275.0,65060.0,67963.33333333333,71337.77777777778,70551.66666666667,66123.33333333333
2013-12-18,61900.0,59400.0,60900.0,59900.0,76730.0,59900.0,61620.0,63200.0,64320.0,67516.66666666667,70926.66666666667,70473.33333333333,66153.33333333333
2013-12-19,62100.0,60300.0,61000.0,61300.0,73748.0,61300.0,61180.0,62362.5,63540.0,67160.0,70486.66666666667,70406.66666666667,66176.66666666667
2013-12-20,63400.0,61000.0,62000.0,61300.0,74343.0,61300.0,60940.0,61750.0,62820.0,66850.0,70120.0,70345.0,66177.5
2013-12-23,61900.0,61000.0,61600.0,61100.0,36981.0,61100.0,60900.0,61475.0,62130.0,66640.0,69702.22222222222,70263.33333333333,66165.83333333333
2013-12-24,62500.0,61000.0,61400.0,62500.0,48133.0,62500.0,61220.0,61350.0,61760.0,66450.0,69313.33333333333,70193.33333333333,66147.5
2013-12-26,63000.0,60900.0,62700.0,60900.0,50533.0,60900.0,61420.0,61150.0,61520.0,66300.0,68928.88888888889,70130.0,66129.16666666667
2013-12-27,63400.0,61100.0,61700.0,62900.0,70857.0,62900.0,61740.0,61350.0,61460.0,66130.0,68526.66666666667,70126.66666666667,66148.33333333333
2013-12-30,63500.0,62000.0,63500.0,63200.0,44396.0,63200.0,62120.0,61637.5,61530.0,65966.66666666667,68162.22222222222,70061.66666666667,66155.83333333333
2014-01-02,65100.0,62400.0,63700.0,63300.0,86441.0,63300.0,62560.0,62062.5,61730.0,65763.33333333333,67804.44444444444,70015.0,66164.16666666667
2014-01-03,65400.0,62900.0,63000.0,65200.0,114118.0,65200.0,63100.0,62550.0,62160.0,65640.0,67488.88888888889,70000.0,66188.33333333333
2014-01-06,65700.0,63700.0,65700.0,63800.0,71325.0,63800.0,63680.0,62862.5,62550.0,65450.0,67155.55555555556,69898.33333333333,66212.5
2014-01-07,64800.0,63300.0,63800.0,64000.0,46130.0,64000.0,63900.0,63225.0,62820.0,65310.0,66857.77777777778,69813.33333333333,66247.5
2014-01-08,66400.0,64300.0,64600.0,65900.0,120587.0,65900.0,64440.0,63650.0,63280.0,65270.0,66682.22222222222,69733.33333333333,66274.16666666667
2014-01-09,68200.0,64800.0,68000.0,64800.0,137551.0,64800.0,64740.0,64137.5,63650.0,65103.333333333336,66486.66666666667,69480.0,66285.0
2014-01-10,65800.0,63500.0,65700.0,63900.0,73579.0,63900.0,64480.0,64262.5,63790.0,64913.333333333336,66286.66666666667,69236.66666666667,66286.66666666667
2014-01-13,65600.0,64000.0,64200.0,65100.0,53136.0,65100.0,64740.0,64500.0,64210.0,64773.333333333336,66104.44444444444,69015.0,66293.33333333333
2014-01-14,66300.0,64500.0,64700.0,65500.0,50002.0,65500.0,65040.0,64775.0,64470.0,64603.333333333336,65960.0,68755.0,66298.33333333333
2014-01-15,66400.0,65300.0,65700.0,65500.0,37705.0,65500.0,64960.0,64812.5,64700.0,64396.666666666664,65846.66666666667,68550.0,66306.66666666667
2014-01-16,67500.0,65400.0,66000.0,66600.0,85216.0,66600.0,65320.0,65162.5,65030.0,64230.0,65828.88888888889,68328.33333333333,66326.66666666667
2014-01-17,66700.0,64700.0,66400.0,65300.0,59988.0,65300.0,65600.0,65325.0,65040.0,64086.666666666664,65764.44444444444,68083.33333333333,66325.0
2014-01-20,65400.0,64300.0,65300.0,64500.0,47694.0,64500.0,65480.0,65150.0,65110.0,63993.333333333336,65744.44444444444,67855.0,66300.83333333333
2014-01-21,65100.0,64200.0,64800.0,64600.0,45149.0,64600.0,65300.0,65125.0,65170.0,63843.333333333336,65668.88888888889,67581.66666666667,66291.66666666667
2014-01-22,66200.0,64300.0,64600.0,65700.0,56376.0,65700.0,65340.0,65350.0,65150.0,63750.0,65615.55555555556,67350.0,66305.83333333333
2014-01-23,66300.0,64500.0,66000.0,64500.0,51075.0,64500.0,64920.0,65275.0,65120.0,63633.333333333336,65506.666666666664,67101.66666666667,66308.33333333333
2014-01-24,65600.0,64000.0,64200.0,64000.0,82804.0,64000.0,64660.0,65087.5,65130.0,63560.0,65397.77777777778,66845.0,66315.0
2014-01-27,63600.0,60900.0,63600.0,61000.0,102403.0,61000.0,63960.0,64525.0,64720.0,63483.333333333336,65208.88888888889,66548.33333333333,66295.0
2014-01-28,61700.0,59800.0,60500.0,60200.0,76339.0,60200.0,63080.0,63725.0,64190.0,63373.333333333336,65031.11111111111,66261.66666666667,66240.0
2014-01-29,61700.0,60600.0,60600.0,61400.0,46650.0,61400.0,62220.0,63237.5,63780.0,63336.666666666664,64904.444444444445,66055.0,66207.5
2014-02-03,61900.0,60600.0,61000.0,60700.0,49640.0,60700.0,61460.0,62762.5,63190.0,63316.666666666664,64702.22222222222,65840.0,66165.0
2014-02-04,59700.0,58500.0,59300.0,58700.0,80190.0,58700.0,60400.0,62025.0,62530.0,63243.333333333336,64460.0,65603.33333333333,66107.5
2014-02-05,60200.0,58800.0,59600.0,58800.0,58287.0,58800.0,59960.0,61162.5,61960.0,63206.666666666664,64226.666666666664,65361.666666666664,66053.33333333333
2014-02-06,60200.0,58700.0,59100.0,59200.0,56282.0,59200.0,59760.0,60500.0,61420.0,63136.666666666664,63973.333333333336,65148.333333333336,66015.0
2014-02-07,60200.0,59200.0,60000.0,59900.0,50202.0,59900.0,59460.0,59987.5,60840.0,63090.0,63711.11111111111,64970.0,65968.33333333333
2014-02-10,67200.0,60100.0,60100.0,63100.0,413005.0,63100.0,59940.0,60250.0,60700.0,63156.666666666664,63522.22222222222,64898.333333333336,65952.5
2014-02-11,63500.0,62100.0,63100.0,62500.0,90403.0,62500.0,60700.0,60537.5,60550.0,63156.666666666664,63364.444444444445,64803.333333333336,65940.0
2014-02-12,67300.0,63100.0,66600.0,63200.0,327088.0,63200.0,61580.0,60762.5,60770.0,63233.333333333336,63273.333333333336,64766.666666666664,65940.83333333333
2014-02-13,65800.0,62700.0,62900.0,65800.0,131328.0,65800.0,62900.0,61400.0,61330.0,63330.0,63200.0,64730.0,65960.83333333333
2014-02-14,65200.0,64500.0,65000.0,64500.0,89007.0,64500.0,63820.0,62125.0,61640.0,63373.333333333336,63111.11111111111,64670.0,65975.83333333333
2014-02-17,65500.0,64200.0,65200.0,64200.0,41389.0,64200.0,64040.0,62800.0,61990.0,63403.333333333336,63026.666666666664,64583.333333333336,65991.66666666667
2014-02-18,65800.0,63800.0,63900.0,65800.0,79975.0,65800.0,64700.0,63625.0,62700.0,63423.333333333336,63017.77777777778,64531.666666666664,66035.0
2014-02-19,66100.0,64900.0,65800.0,64900.0,56047.0,64900.0,65040.0,64250.0,63310.0,63460.0,63053.333333333336,64455.0,66085.83333333333
2014-02-20,65100.0,63300.0,65100.0,63300.0,64122.0,63300.0,64540.0,64275.0,63720.0,63436.666666666664,63048.88888888889,64373.333333333336,66146.66666666667
2014-02-21,64600.0,63200.0,64000.0,64100.0,43557.0,64100.0,64460.0,64475.0,64140.0,63376.666666666664,63084.444444444445,64323.333333333336,66199.16666666667
2014-02-24,64800.0,63200.0,64000.0,63500.0,46000.0,63500.0,64320.0,64512.5,64180.0,63333.333333333336,63133.333333333336,64218.333333333336,66243.33333333333
2014-02-25,66800.0,64100.0,64200.0,65300.0,142120.0,65300.0,64220.0,64450.0,64460.0,63380.0,63231.11111111111,64146.666666666664,66320.0
2014-02-26,65400.0,64400.0,64900.0,64700.0,42297.0,64700.0,64180.0,64475.0,64610.0,63366.666666666664,63337.77777777778,64070.0,66404.16666666667
2014-02-27,66800.0,64900.0,65000.0,64900.0,109688.0,64900.0,64500.0,64562.5,64520.0,63346.666666666664,63417.77777777778,63975.0,66489.16666666667
2014-02-28,65400.0,63800.0,65000.0,64400.0,62063.0,64400.0,64560.0,64387.5,64510.0,63310.0,63486.666666666664,63853.333333333336,66576.66666666667
2014-03-03,64900.0,63900.0,63900.0,64200.0,34874.0,64200.0,64700.0,64300.0,64510.0,63230.0,63555.555555555555,63730.0,66648.33333333333
2014-03-04,64500.0,62800.0,63800.0,63100.0,79463.0,63100.0,64260.0,64275.0,64240.0,63156.666666666664,63568.88888888889,63621.666666666664,66694.16666666667
2014-03-05,63900.0,63000.0,63700.0,63500.0,45229.0,63500.0,64020.0,64200.0,64100.0,63123.333333333336,63626.666666666664,63558.333333333336,66750.83333333333
2014-03-06,64200.0,63200.0,63800.0,63500.0,55865.0,63500.0,63740.0,64200.0,64120.0,63086.666666666664,63640.0,63465.0,66806.66666666667
2014-03-07,66600.0,63200.0,63600.0,66000.0,242281.0,66000.0,64060.0,64287.5,64310.0,63096.666666666664,63702.22222222222,63423.333333333336,66899.16666666667
2014-03-10,69000.0,65800.0,66500.0,68800.0,309510.0,68800.0,64980.0,64800.0,64840.0,63240.0,63824.444444444445,63436.666666666664,67016.66666666667
2014-03-11,70300.0,68200.0,69300.0,68600.0,186869.0,68600.0,66080.0,65262.5,65170.0,63393.333333333336,63900.0,63476.666666666664,67120.83333333333
2014-03-12,71500.0,68100.0,68300.0,70300.0,292173.0,70300.0,67440.0,66000.0,65730.0,63703.333333333336,64044.444444444445,63593.333333333336,67169.16666666667
2014-03-13,72600.0,70500.0,71500.0,70500.0,221416.0,70500.0,68840.0,66787.5,66290.0,64046.666666666664,64188.88888888889,63710.0,67206.66666666667
2014-03-14,71000.0,68000.0,69900.0,68000.0,148051.0,68000.0,69240.0,67400.0,66650.0,64266.666666666664,64235.555555555555,63801.666666666664,67223.33333333333
2014-03-17,69300.0,66000.0,68400.0,66500.0,126384.0,66500.0,68780.0,67775.0,66880.0,64460.0,64273.333333333336,63888.333333333336,67248.33333333333
2014-03-18,71600.0,66900.0,67300.0,71200.0,263004.0,71200.0,69300.0,68737.5,67690.0,64876.666666666664,64435.555555555555,64060.0,67305.83333333333
2014-03-19,73200.0,70000.0,72200.0,71100.0,174678.0,71100.0,69460.0,69375.0,68450.0,65286.666666666664,64568.88888888889,64246.666666666664,67360.0
2014-03-20,71900.0,69300.0,71100.0,70100.0,96406.0,70100.0,69380.0,69537.5,69110.0,65650.0,64671.11111111111,64393.333333333336,67400.0
2014-03-21,74800.0,70100.0,70800.0,71800.0,329637.0,71800.0,70140.0,69937.5,69690.0,66046.66666666667,64811.11111111111,64568.333333333336,67456.66666666667
2014-03-24,73100.0,69700.0,71500.0,69700.0,148282.0,69700.0,70780.0,69862.5,69780.0,66266.66666666667,64880.0,64711.666666666664,67487.5
2014-03-25,69700.0,67100.0,69700.0,67700.0,168119.0,67700.0,70080.0,69512.5,69690.0,66440.0,64933.333333333336,64798.333333333336,67495.83333333333
2014-03-26,69900.0,67700.0,68300.0,69700.0,119594.0,69700.0,69800.0,69725.0,69630.0,66656.66666666667,65048.88888888889,64945.0,67537.5
2014-03-27,71000.0,68100.0,69100.0,68100.0,151410.0,68100.0,69400.0,69925.0,69390.0,66733.33333333333,65126.666666666664,65031.666666666664,67579.16666666667
2014-03-28,69000.0,67300.0,68500.0,67700.0,75002.0,67700.0,68580.0,69487.5,69360.0,66840.0,65171.11111111111,65106.666666666664,67584.16666666667
2014-03-31,69800.0,67300.0,67900.0,69800.0,89794.0,69800.0,68600.0,69325.0,69690.0,67026.66666666667,65288.88888888889,65215.0,67615.0
2014-04-01,71400.0,69700.0,70600.0,69900.0,123320.0,69900.0,69040.0,69300.0,69560.0,67163.33333333333,65420.0,65293.333333333336,67646.66666666667
2014-04-02,71800.0,69700.0,70200.0,70300.0,111091.0,70300.0,69160.0,69112.5,69480.0,67343.33333333333,65626.66666666667,65401.666666666664,67650.0
2014-04-03,71400.0,70100.0,70500.0,70400.0,78114.0,70400.0,69620.0,69200.0,69510.0,67580.0,65853.33333333333,65508.333333333336,67660.83333333333
2014-04-04,74400.0,70600.0,70700.0,73400.0,380821.0,73400.0,70760.0,69912.5,69670.0,67890.0,66120.0,65633.33333333333,67683.33333333333
2014-04-07,73000.0,71200.0,72900.0,71600.0,132052.0,71600.0,71120.0,70150.0,69860.0,68160.0,66362.22222222222,65746.66666666667,67613.33333333333
2014-04-08,74300.0,71300.0,71400.0,73100.0,169808.0,73100.0,71760.0,70775.0,70400.0,68420.0,66682.22222222222,65900.0,67568.33333333333
2014-04-09,73300.0,71700.0,72700.0,71700.0,100831.0,71700.0,72040.0,71275.0,70600.0,68653.33333333333,66968.88888888889,66010.0,67512.5
2014-04-10,73200.0,71000.0,72500.0,72400.0,117624.0,72400.0,72440.0,71600.0,71030.0,68903.33333333333,67262.22222222222,66125.0,67440.0
2014-04-11,71600.0,70600.0,70800.0,71200.0,84110.0,71200.0,72000.0,71762.5,71380.0,69130.0,67513.33333333333,66220.0,67385.0
2014-04-14,72100.0,70800.0,71200.0,71200.0,60454.0,71200.0,71920.0,71875.0,71520.0,69363.33333333333,67693.33333333333,66296.66666666667,67312.5
2014-04-15,73200.0,71000.0,71200.0,72000.0,150928.0,72000.0,71700.0,72075.0,71730.0,69660.0,67904.44444444444,66408.33333333333,67245.83333333333
2014-04-16,73100.0,71600.0,72100.0,71900.0,85076.0,71900.0,71740.0,71887.5,71890.0,69940.0,68097.77777777778,66531.66666666667,67193.33333333333
2014-04-17,75700.0,72000.0,72800.0,72000.0,417798.0,72000.0,71660.0,71937.5,72050.0,70223.33333333333,68235.55555555556,66655.0,67118.33333333333
2014-04-18,74000.0,72000.0,72900.0,73900.0,128121.0,73900.0,72200.0,72037.5,72100.0,70486.66666666667,68444.44444444444,66791.66666666667,67070.83333333333
2014-04-21,74300.0,72800.0,73700.0,72900.0,75372.0,72900.0,72540.0,72187.5,72230.0,70623.33333333333,68637.77777777778,66931.66666666667,67016.66666666667
2014-04-22,73400.0,71100.0,72900.0,71300.0,112799.0,71300.0,72400.0,72050.0,72050.0,70713.33333333333,68760.0,67053.33333333333,66949.16666666667
2014-04-23,72200.0,71100.0,71600.0,72100.0,76149.0,72100.0,72440.0,72162.5,72090.0,70773.33333333333,68920.0,67238.33333333333,66893.33333333333
2014-04-24,72100.0,68500.0,72100.0,68800.0,194648.0,68800.0,71800.0,71862.5,71730.0,70716.66666666667,69042.22222222222,67381.66666666667,66821.66666666667
2014-04-25,69500.0,68200.0,69200.0,68400.0,56342.0,68400.0,70700.0,71412.5,71450.0,70730.0,69137.77777777778,67498.33333333333,66776.66666666667
2014-04-28,71000.0,68400.0,68800.0,68800.0,139948.0,68800.0,69880.0,71025.0,71210.0,70806.66666666667,69255.55555555556,67633.33333333333,66736.66666666667
2014-04-29,70300.0,68500.0,69500.0,69900.0,69607.0,69900.0,69600.0,70762.5,71000.0,70763.33333333333,69357.77777777778,67820.0,66711.66666666667
2014-04-30,70600.0,68900.0,69700.0,69000.0,65655.0,69000.0,68980.0,70150.0,70710.0,70693.33333333333,69453.33333333333,67990.0,66675.83333333333
2014-05-02,69600.0,67600.0,69600.0,68500.0,65297.0,68500.0,68920.0,69600.0,70360.0,70640.0,69533.33333333333,68145.0,66646.66666666667
2014-05-07,68700.0,67400.0,68700.0,67500.0,52039.0,67500.0,68740.0,69125.0,69720.0,70496.66666666667,69602.22222222222,68271.66666666667,66620.83333333333
2014-05-08,68100.0,66100.0,67200.0,66400.0,62456.0,66400.0,68260.0,68412.5,69070.0,70386.66666666667,69651.11111111111,68326.66666666667,66612.5
2014-05-09,68000.0,66500.0,66700.0,67300.0,37643.0,67300.0,67740.0,68225.0,68670.0,70373.33333333333,69744.44444444444,68406.66666666667,66605.0
2014-05-12,67300.0,66700.0,66900.0,67200.0,34065.0,67200.0,67380.0,68075.0,68180.0,70290.0,69826.66666666667,68473.33333333333,66620.0
2014-05-13,68500.0,67400.0,67500.0,68100.0,58157.0,68100.0,67300.0,67987.5,68110.0,70290.0,69928.88888888889,68511.66666666667,66620.83333333333
2014-05-14,65900.0,63100.0,65600.0,64200.0,319262.0,64200.0,66640.0,67275.0,67690.0,70173.33333333333,69888.88888888889,68506.66666666667,66588.33333333333
2014-05-15,65000.0,62100.0,64100.0,64000.0,276003.0,64000.0,66160.0,66650.0,67210.0,69980.0,69782.22222222222,68503.33333333333,66543.33333333333
2014-05-16,64000.0,63000.0,64000.0,63600.0,84666.0,63600.0,65420.0,66037.5,66580.0,69770.0,69671.11111111111,68466.66666666667,66499.16666666667
2014-05-19,64000.0,62700.0,63300.0,62700.0,64856.0,62700.0,64520.0,65437.5,65950.0,69516.66666666667,69502.22222222222,68430.0,66442.5
2014-05-20,63000.0,61100.0,62700.0,61900.0,87538.0,61900.0,63280.0,64875.0,65290.0,69233.33333333333,69311.11111111111,68406.66666666667,66390.0
2014-05-21,64000.0,61700.0,61800.0,64000.0,89799.0,64000.0,63240.0,64462.5,64940.0,68920.0,69222.22222222222,68405.0,66364.16666666667
2014-05-22,64300.0,63400.0,64300.0,64000.0,42737.0,64000.0,63240.0,64062.5,64700.0,68666.66666666667,69166.66666666667,68413.33333333333,66315.83333333333
2014-05-23,64200.0,63200.0,64000.0,64000.0,42691.0,64000.0,63320.0,63550.0,64370.0,68363.33333333333,69006.66666666667,68391.66666666667,66269.16666666667
2014-05-26,64300.0,63500.0,64200.0,64000.0,47574.0,64000.0,63580.0,63525.0,64050.0,68106.66666666667,68848.88888888889,68380.0,66225.0
2014-05-27,64400.0,62800.0,64200.0,64000.0,48952.0,64000.0,64000.0,63525.0,63640.0,67826.66666666667,68713.33333333333,68365.0,66170.0
2014-05-28,64100.0,63300.0,64000.0,63900.0,37074.0,63900.0,63980.0,63562.5,63610.0,67583.33333333333,68537.77777777778,68356.66666666667,66105.0
2014-05-29,65400.0,63600.0,63600.0,64800.0,59551.0,64800.0,64140.0,63825.0,63690.0,67370.0,68428.88888888889,68366.66666666667,66048.33333333333
2014-05-30,64800.0,63400.0,64300.0,64300.0,42759.0,64300.0,64200.0,64125.0,63760.0,67113.33333333333,68353.33333333333,68386.66666666667,66004.16666666667
2014-06-02,64700.0,62400.0,64300.0,62800.0,49407.0,62800.0,63960.0,63975.0,63770.0,66810.0,68200.0,68375.0,65966.66666666667
2014-06-03,62800.0,61600.0,62300.0,62200.0,46781.0,62200.0,63600.0,63750.0,63800.0,66483.33333333333,68068.88888888889,68353.33333333333,65909.16666666667
2014-06-05,62500.0,61000.0,62100.0,61000.0,33346.0,61000.0,63020.0,63375.0,63500.0,66053.33333333333,67920.0,68270.0,65846.66666666667
2014-06-09,61700.0,60400.0,61700.0,61000.0,31015.0,61000.0,62260.0,63000.0,63200.0,65656.66666666667,67724.44444444444,68140.0,65788.33333333333
2014-06-10,62400.0,61000.0,61000.0,61400.0,30371.0,61400.0,61680.0,62675.0,62940.0,65326.666666666664,67535.55555555556,68020.0,65748.33333333333
2014-06-11,63400.0,61600.0,61700.0,62300.0,53364.0,62300.0,61580.0,62475.0,62770.0,65000.0,67357.77777777778,67886.66666666667,65740.0
2014-06-12,62800.0,61800.0,62800.0,62000.0,30312.0,62000.0,61540.0,62125.0,62570.0,64773.333333333336,67171.11111111111,67745.0,65727.5
2014-06-13,62400.0,61200.0,62000.0,61900.0,19092.0,61900.0,61720.0,61825.0,62370.0,64556.666666666664,66915.55555555556,67643.33333333333,65722.5
2014-06-16,62400.0,61200.0,61900.0,61600.0,28823.0,61600.0,61840.0,61675.0,62050.0,64316.666666666664,66693.33333333333,67561.66666666667,65725.0
2014-06-17,61900.0,60900.0,61600.0,61100.0,35309.0,61100.0,61780.0,61537.5,61730.0,64023.333333333336,66426.66666666667,67393.33333333333,65726.66666666667
2014-06-18,61300.0,60600.0,61000.0,60600.0,30576.0,60600.0,61440.0,61487.5,61510.0,63743.333333333336,66180.0,67218.33333333333,65732.5
2014-06-19,61300.0,60300.0,60800.0,60500.0,27866.0,60500.0,61140.0,61425.0,61340.0,63476.666666666664,65915.55555555556,67058.33333333333,65725.83333333333
2014-06-20,60800.0,59400.0,60600.0,59400.0,62356.0,59400.0,60640.0,61175.0,61180.0,63206.666666666664,65653.33333333333,66851.66666666667,65710.0
2014-06-23,59900.0,58900.0,59400.0,59200.0,32442.0,59200.0,60160.0,60787.5,61000.0,62966.666666666664,65386.666666666664,66676.66666666667,65694.16666666667
2014-06-24,59900.0,58500.0,59100.0,59400.0,55641.0,59400.0,59820.0,60462.5,60800.0,62703.333333333336,65106.666666666664,66538.33333333333,65668.33333333333
2014-06-25,60700.0,59200.0,59500.0,59200.0,42769.0,59200.0,59540.0,60125.0,60490.0,62436.666666666664,64824.444444444445,66363.33333333333,65654.16666666667
2014-06-26,59700.0,58200.0,59500.0,58200.0,58019.0,58200.0,59080.0,59700.0,60110.0,62106.666666666664,64517.77777777778,66198.33333333333,65615.0
2014-06-27,59200.0,58100.0,58500.0,58300.0,34057.0,58300.0,58860.0,59350.0,59750.0,61910.0,64171.11111111111,66041.66666666667,65574.16666666667
2014-06-30,59800.0,58600.0,58900.0,59700.0,33300.0,59700.0,58960.0,59237.5,59560.0,61766.666666666664,63877.77777777778,65873.33333333333,65544.16666666667
2014-07-01,60000.0,58600.0,59800.0,58700.0,66392.0,58700.0,58820.0,59012.5,59320.0,61603.333333333336,63597.77777777778,65686.66666666667,65490.0
2014-07-02,60200.0,58800.0,59300.0,59800.0,87230.0,59800.0,58940.0,59062.5,59240.0,61506.666666666664,63324.444444444445,65511.666666666664,65456.666666666664
2014-07-03,60900.0,59400.0,59900.0,59600.0,57758.0,59600.0,59220.0,59112.5,59150.0,61430.0,63120.0,65331.666666666664,65420.0
2014-07-04,60600.0,59500.0,60000.0,60000.0,46876.0,60000.0,59560.0,59187.5,59210.0,61296.666666666664,62933.333333333336,65108.333333333336,65370.833333333336
2014-07-07,60300.0,58500.0,60300.0,58500.0,63576.0,58500.0,59320.0,59100.0,59140.0,61113.333333333336,62704.444444444445,64890.0,65318.333333333336
2014-07-08,58600.0,56900.0,58200.0,57100.0,86447.0,57100.0,59000.0,58962.5,58910.0,60883.333333333336,62420.0,64623.333333333336,65261.666666666664
2014-07-09,57200.0,56500.0,56500.0,56500.0,48300.0,56500.0,58340.0,58737.5,58640.0,60633.333333333336,62142.22222222222,64370.0,65190.0
2014-07-10,62000.0,56300.0,56800.0,59300.0,275033.0,59300.0,58280.0,58687.5,58750.0,60476.666666666664,61937.77777777778,64151.666666666664,65138.333333333336
2014-07-11,60500.0,57900.0,59500.0,58100.0,78422.0,58100.0,57900.0,58612.5,58730.0,60283.333333333336,61728.88888888889,63933.333333333336,65076.666666666664
2014-07-14,58600.0,56800.0,58600.0,56900.0,71186.0,56900.0,57580.0,58250.0,58450.0,60020.0,61517.77777777778,63695.0,64995.833333333336
2014-07-15,58100.0,56900.0,57100.0,57200.0,46037.0,57200.0,57600.0,57950.0,58300.0,59783.333333333336,61293.333333333336,63448.333333333336,64928.333333333336
2014-07-16,57500.0,56000.0,57100.0,56300.0,54384.0,56300.0,57560.0,57487.5,57950.0,59566.666666666664,61051.11111111111,63188.333333333336,64860.0
2014-07-17,57100.0,56100.0,56500.0,56400.0,30508.0,56400.0,56980.0,57225.0,57630.0,59373.333333333336,60791.11111111111,62928.333333333336,64791.666666666664
2014-07-18,57000.0,56000.0,56100.0,57000.0,27914.0,57000.0,56760.0,57212.5,57330.0,59240.0,60631.11111111111,62646.666666666664,64719.166666666664
2014-07-21,59400.0,57000.0,57300.0,58800.0,84601.0,58800.0,57140.0,57500.0,57360.0,59166.666666666664,60515.555555555555,62411.666666666664,64671.666666666664
2014-07-22,59500.0,58100.0,58900.0,59000.0,38385.0,59000.0,57500.0,57462.5,57550.0,59086.666666666664,60413.333333333336,62206.666666666664,64630.0
2014-07-23,61000.0,58900.0,59500.0,59000.0,105992.0,59000.0,58040.0,57575.0,57800.0,58976.666666666664,60331.11111111111,61988.333333333336,64613.333333333336
2014-07-24,60700.0,59000.0,59500.0,59000.0,77778.0,59000.0,58560.0,57837.5,57770.0,58876.666666666664,60266.666666666664,61825.0,64603.333333333336
2014-07-25,60100.0,58900.0,59000.0,59000.0,36506.0,59000.0,58960.0,58062.5,57860.0,58780.0,60155.555555555555,61668.333333333336,64583.333333333336
2014-07-28,63000.0,59300.0,59300.0,60700.0,170690.0,60700.0,59340.0,58612.5,58240.0,58750.0,60082.22222222222,61533.333333333336,64583.333333333336
2014-07-29,61400.0,58600.0,61300.0,58600.0,111033.0,58600.0,59260.0,58887.5,58380.0,58666.666666666664,59962.22222222222,61345.0,64582.5
2014-07-30,59300.0,57600.0,58700.0,57700.0,47234.0,57700.0,59000.0,58975.0,58520.0,58570.0,59822.22222222222,61156.666666666664,64573.333333333336
2014-07-31,58600.0,56100.0,58300.0,57100.0,73529.0,57100.0,58620.0,58762.5,58590.0,58456.666666666664,59668.88888888889,60966.666666666664,64555.833333333336
2014-08-01,57600.0,56100.0,56400.0,57300.0,37039.0,57300.0,58280.0,58550.0,58620.0,58386.666666666664,59522.22222222222,60796.666666666664,64534.166666666664
2014-08-04,57800.0,56600.0,57000.0,57400.0,30590.0,57400.0,57620.0,58350.0,58480.0,58326.666666666664,59357.77777777778,60646.666666666664,64486.666666666664
2014-08-05,57700.0,56400.0,57600.0,56600.0,52571.0,56600.0,57220.0,58050.0,58240.0,58233.333333333336,59186.666666666664,60468.333333333336,64437.5
2014-08-06,58100.0,56400.0,56400.0,56800.0,57791.0,56800.0,57040.0,57775.0,58020.0,58153.333333333336,59053.333333333336,60295.0,64384.166666666664
2014-08-07,57300.0,55700.0,56900.0,55900.0,60845.0,55900.0,56800.0,57175.0,57710.0,58076.666666666664,58913.333333333336,60091.666666666664,64301.666666666664
2014-08-08,56500.0,54800.0,55700.0,55900.0,48514.0,55900.0,56520.0,56837.5,57400.0,57996.666666666664,58800.0,59953.333333333336,64230.0
2014-08-11,57100.0,56000.0,56300.0,56200.0,32926.0,56200.0,56280.0,56650.0,56950.0,57880.0,58693.333333333336,59823.333333333336,64163.333333333336
2014-08-12,58200.0,55700.0,56200.0,56400.0,74187.0,56400.0,56240.0,56562.5,56730.0,57803.333333333336,58582.22222222222,59703.333333333336,64085.0
2014-08-13,57100.0,56200.0,57100.0,56300.0,29362.0,56300.0,56140.0,56437.5,56590.0,57686.666666666664,58448.88888888889,59596.666666666664,64013.333333333336
2014-08-14,59300.0,56200.0,56200.0,57800.0,122168.0,57800.0,56520.0,56487.5,56660.0,57626.666666666664,58355.555555555555,59528.333333333336,63967.5
2014-08-18,60100.0,57800.0,58700.0,59200.0,116908.0,59200.0,57180.0,56812.5,56850.0,57600.0,58295.555555555555,59448.333333333336,63926.666666666664
2014-08-19,59200.0,57400.0,59100.0,58300.0,76279.0,58300.0,57600.0,57000.0,56940.0,57593.333333333336,58222.22222222222,59353.333333333336,63883.333333333336
2014-08-20,58300.0,57100.0,58200.0,57300.0,50346.0,57300.0,57780.0,57175.0,57010.0,57600.0,58137.77777777778,59241.666666666664,63816.666666666664
2014-08-21,57800.0,56100.0,57200.0,56300.0,58957.0,56300.0,57780.0,57225.0,56960.0,57593.333333333336,58042.22222222222,59113.333333333336,63746.666666666664
2014-08-22,56900.0,56000.0,56300.0,56300.0,39104.0,56300.0,57480.0,57237.5,57000.0,57493.333333333336,57948.88888888889,58985.0,63675.0
2014-08-25,56700.0,55000.0,56400.0,55400.0,62733.0,55400.0,56720.0,57112.5,56950.0,57403.333333333336,57860.0,58843.333333333336,63600.0
2014-08-26,57000.0,55500.0,55700.0,57000.0,52048.0,57000.0,56460.0,57200.0,57030.0,57406.666666666664,57811.11111111111,58713.333333333336,63540.0
2014-08-27,57900.0,56100.0,57200.0,56100.0,57642.0,56100.0,56220.0,56987.5,57000.0,57370.0,57737.77777777778,58576.666666666664,63481.666666666664
2014-08-28,56900.0,55700.0,56200.0,56100.0,34298.0,56100.0,56180.0,56600.0,56980.0,57363.333333333336,57668.88888888889,58465.0,63420.0
2014-08-29,58600.0,56000.0,56100.0,56800.0,118986.0,56800.0,56280.0,56412.5,56880.0,57376.666666666664,57637.77777777778,58375.0,63364.166666666664
2014-09-01,57500.0,56100.0,56700.0,57000.0,54355.0,57000.0,56600.0,56375.0,56660.0,57376.666666666664,57608.88888888889,58308.333333333336,63289.166666666664
2014-09-02,58900.0,56900.0,57600.0,57700.0,112004.0,57700.0,56740.0,56550.0,56600.0,57340.0,57564.444444444445,58253.333333333336,63196.666666666664
2014-09-03,59600.0,57600.0,58000.0,57900.0,92249.0,57900.0,57100.0,56750.0,56660.0,57303.333333333336,57546.666666666664,58195.0,63107.5
2014-09-04,58800.0,57400.0,58300.0,57600.0,55024.0,57600.0,57400.0,57025.0,56790.0,57256.666666666664,57497.77777777778,58116.666666666664,63001.666666666664
2014-09-05,59500.0,57800.0,57800.0,58100.0,81262.0,58100.0,57660.0,57162.5,56970.0,57226.666666666664,57464.444444444445,58051.666666666664,62898.333333333336
2014-09-11,60900.0,58000.0,58300.0,60300.0,162734.0,60300.0,58320.0,57687.5,57460.0,57270.0,57471.11111111111,58025.0,62834.166666666664
2014-09-12,60700.0,59500.0,60500.0,60300.0,81599.0,60300.0,58840.0,58212.5,57790.0,57256.666666666664,57511.11111111111,58003.333333333336,62782.5
2014-09-15,61900.0,59900.0,60300.0,59900.0,194736.0,59900.0,59240.0,58600.0,58170.0,57300.0,57573.333333333336,57983.333333333336,62688.333333333336
2014-09-16,60500.0,58300.0,60000.0,58500.0,102121.0,58500.0,59420.0,58787.5,58410.0,57326.666666666664,57617.77777777778,57948.333333333336,62583.333333333336
2014-09-17,59300.0,58300.0,59000.0,58300.0,54192.0,58300.0,59460.0,58862.5,58560.0,57366.666666666664,57595.555555555555,57911.666666666664,62485.0
2014-09-18,60700.0,58400.0,58600.0,59700.0,100503.0,59700.0,59340.0,59087.5,58830.0,57446.666666666664,57631.11111111111,57916.666666666664,62384.166666666664
2014-09-19,61300.0,59800.0,60500.0,60100.0,55839.0,60100.0,59300.0,59400.0,59070.0,57536.666666666664,57702.22222222222,57931.666666666664,62304.166666666664
2014-09-22,61500.0,59800.0,60300.0,60400.0,60686.0,60400.0,59400.0,59687.5,59320.0,57663.333333333336,57773.333333333336,57948.333333333336,62243.333333333336
2014-09-23,61100.0,59100.0,60300.0,59600.0,53312.0,59600.0,59620.0,59600.0,59520.0,57756.666666666664,57846.666666666664,57955.0,62159.166666666664
2014-09-24,61700.0,59300.0,59500.0,61700.0,93086.0,61700.0,60300.0,59775.0,59880.0,57950.0,57964.444444444445,58013.333333333336,62105.833333333336
2014-09-25,63500.0,61400.0,61900.0,63200.0,181802.0,63200.0,61000.0,60187.5,60170.0,58193.333333333336,58102.22222222222,58095.0,62068.333333333336
2014-09-26,64000.0,62300.0,63000.0,62800.0,126073.0,62800.0,61540.0,60725.0,60420.0,58413.333333333336,58191.11111111111,58146.666666666664,62010.0
2014-09-29,64900.0,61600.0,63200.0,62000.0,169592.0,62000.0,61860.0,61187.5,60630.0,58600.0,58257.77777777778,58201.666666666664,61944.166666666664
2014-09-30,63400.0,61600.0,62500.0,63400.0,103134.0,63400.0,62620.0,61650.0,61120.0,58836.666666666664,58355.555555555555,58261.666666666664,61886.666666666664
2014-10-01,64200.0,61100.0,63500.0,61100.0,93376.0,61100.0,62500.0,61775.0,61400.0,58946.666666666664,58402.22222222222,58286.666666666664,61809.166666666664
2014-10-02,61900.0,60200.0,60900.0,61200.0,87844.0,61200.0,62100.0,61875.0,61550.0,59013.333333333336,58451.11111111111,58306.666666666664,61707.5
2014-10-06,62000.0,57400.0,61400.0,57400.0,183667.0,57400.0,61020.0,61600.0,61280.0,58983.333333333336,58377.77777777778,58288.333333333336,61589.166666666664
2014-10-07,58800.0,57400.0,57800.0,57500.0,64478.0,57500.0,60120.0,61075.0,60990.0,58990.0,58353.333333333336,58295.0,61459.166666666664
2014-10-08,58300.0,56200.0,57300.0,56500.0,67002.0,56500.0,58740.0,60237.5,60680.0,58996.666666666664,58326.666666666664,58295.0,61332.5
2014-10-10,56700.0,53800.0,55900.0,54200.0,95796.0,54200.0,57360.0,59162.5,59930.0,58926.666666666664,58262.22222222222,58210.0,61180.833333333336
2014-10-13,54100.0,50500.0,53900.0,51000.0,125512.0,51000.0,55320.0,57787.5,58710.0,58780.0,58122.22222222222,58091.666666666664,61012.5
2014-10-14,51000.0,48600.0,48600.0,51000.0,146162.0,51000.0,54040.0,56237.5,57530.0,58580.0,57980.0,57993.333333333336,60844.166666666664
2014-10-15,54700.0,50900.0,51000.0,53300.0,104567.0,53300.0,53200.0,55262.5,56660.0,58486.666666666664,57906.666666666664,57928.333333333336,60688.333333333336
2014-10-16,53600.0,51500.0,53000.0,52200.0,46564.0,52200.0,52340.0,54137.5,55540.0,58356.666666666664,57804.444444444445,57860.0,60524.166666666664
2014-10-17,52700.0,50000.0,52200.0,51300.0,85392.0,51300.0,51760.0,53375.0,54560.0,58173.333333333336,57702.22222222222,57775.0,60351.666666666664
2014-10-20,52200.0,50800.0,51300.0,51500.0,72140.0,51500.0,51860.0,52625.0,53590.0,57990.0,57604.444444444445,57683.333333333336,60165.0
2014-10-21,52200.0,49600.0,51300.0,49850.0,100051.0,49850.0,51630.0,51793.75,52835.0,57728.333333333336,57463.333333333336,57534.166666666664,59972.916666666664
2014-10-22,52400.0,49600.0,50500.0,52100.0,105409.0,52100.0,51390.0,51531.25,52295.0,57535.0,57367.77777777778,57419.166666666664,59812.916666666664
2014-10-23,52100.0,49900.0,52000.0,50300.0,54580.0,50300.0,51010.0,51443.75,51675.0,57291.666666666664,57234.444444444445,57274.166666666664,59631.25
2014-10-24,51000.0,49700.0,50500.0,49700.0,58938.0,49700.0,50690.0,51281.25,51225.0,57011.666666666664,57054.444444444445,57119.166666666664,59472.083333333336
2014-10-27,50600.0,49600.0,49900.0,49650.0,44067.0,49650.0,50320.0,50825.0,51090.0,56656.666666666664,56842.22222222222,56963.333333333336,59315.833333333336
2014-10-28,50000.0,48450.0,49650.0,48600.0,76941.0,48600.0,50070.0,50375.0,50850.0,56266.666666666664,56626.666666666664,56761.666666666664,59147.5
2014-10-29,49650.0,48550.0,48600.0,49300.0,49268.0,49300.0,49510.0,50125.0,50450.0,55913.333333333336,56448.88888888889,56606.666666666664,58975.833333333336
2014-10-30,51500.0,49200.0,49600.0,49200.0,95351.0,49200.0,49290.0,49837.5,50150.0,55603.333333333336,56291.11111111111,56465.0,58810.833333333336
2014-10-31,52400.0,49200.0,49400.0,50000.0,224275.0,50000.0,49350.0,49856.25,50020.0,55326.666666666664,56151.11111111111,56346.666666666664,58656.666666666664
2014-11-03,51800.0,49700.0,50400.0,50500.0,110546.0,50500.0,49520.0,49656.25,49920.0,55020.0,56042.22222222222,56233.333333333336,58515.0
2014-11-04,51500.0,49750.0,50800.0,50100.0,60473.0,50100.0,49820.0,49631.25,49945.0,54686.666666666664,55888.88888888889,56111.666666666664,58379.166666666664
2014-11-05,51200.0,49900.0,50200.0,50100.0,56195.0,50100.0,49980.0,49681.25,49745.0,54343.333333333336,55755.555555555555,56003.333333333336,58235.833333333336
2014-11-06,51000.0,49250.0,50600.0,49400.0,61649.0,49400.0,50020.0,49650.0,49655.0,54003.333333333336,55606.666666666664,55880.0,58087.5
2014-11-07,50200.0,49500.0,49550.0,49600.0,34114.0,49600.0,49940.0,49775.0,49645.0,53600.0,55446.666666666664,55775.0,57933.333333333336
2014-11-10,50000.0,49250.0,49650.0,49450.0,37405.0,49450.0,49730.0,49793.75,49625.0,53141.666666666664,55278.88888888889,55667.5,57810.416666666664
2014-11-11,51600.0,49200.0,49450.0,51100.0,93332.0,51100.0,49930.0,50031.25,49875.0,52751.666666666664,55132.22222222222,55582.5,57702.916666666664
2014-11-12,52500.0,50600.0,51200.0,51000.0,92544.0,51000.0,50110.0,50156.25,50045.0,52385.0,54978.88888888889,55492.5,57597.916666666664
2014-11-13,52700.0,50900.0,51000.0,51400.0,94184.0,51400.0,50510.0,50268.75,50265.0,51985.0,54841.11111111111,55410.833333333336,57503.75
2014-11-14,52100.0,50700.0,51500.0,50700.0,38563.0,50700.0,50730.0,50343.75,50335.0,51638.333333333336,54676.666666666664,55292.5,57410.416666666664
2014-11-17,51200.0,49100.0,50800.0,49150.0,71251.0,49150.0,50670.0,50225.0,50200.0,51236.666666666664,54428.88888888889,55125.0,57286.666666666664
2014-11-18,50300.0,49100.0,49150.0,49150.0,40806.0,49150.0,50280.0,50193.75,50105.0,50961.666666666664,54181.11111111111,54972.5,57162.916666666664
2014-11-19,49850.0,49200.0,49500.0,49250.0,22384.0,49250.0,49930.0,50150.0,50020.0,50686.666666666664,53944.444444444445,54838.333333333336,57040.0
2014-11-20,49950.0,49000.0,49600.0,49000.0,32149.0,49000.0,49450.0,50093.75,49980.0,50436.666666666664,53733.333333333336,54716.666666666664,56915.0
2014-11-21,49650.0,48800.0,49100.0,48850.0,52570.0,48850.0,49080.0,49812.5,49905.0,50258.333333333336,53523.333333333336,54592.5,56788.75
2014-11-24,49950.0,48850.0,49050.0,49450.0,53211.0,49450.0,49140.0,49618.75,49905.0,50206.666666666664,53295.555555555555,54493.333333333336,56668.333333333336
2014-11-25,51900.0,49600.0,49700.0,50800.0,116976.0,50800.0,49470.0,49543.75,49875.0,50200.0,53088.88888888889,54390.0,56551.666666666664
2014-11-26,51600.0,50500.0,51300.0,50500.0,43187.0,50500.0,49720.0,49518.75,49825.0,50106.666666666664,52868.88888888889,54296.666666666664,56436.666666666664
2014-11-27,51000.0,50100.0,50900.0,50900.0,42202.0,50900.0,50100.0,49737.5,49775.0,50063.333333333336,52675.555555555555,54210.0,56337.5
2014-11-28,51400.0,50500.0,51200.0,50800.0,47429.0,50800.0,50490.0,49943.75,49785.0,50046.666666666664,52433.333333333336,54110.0,56242.5
2014-12-01,51600.0,49400.0,51600.0,49400.0,51359.0,49400.0,50480.0,49962.5,49810.0,49976.666666666664,52126.666666666664,53983.333333333336,56145.833333333336
2014-12-02,49750.0,49000.0,49250.0,49450.0,34439.0,49450.0,50210.0,50018.75,49840.0,49963.333333333336,51830.0,53845.833333333336,56049.583333333336
2014-12-03,50700.0,49500.0,49650.0,50200.0,37955.0,50200.0,50150.0,50187.5,49935.0,49900.0,51567.77777777778,53717.5,55956.25
2014-12-04,51000.0,50000.0,50300.0,50800.0,32677.0,50800.0,50130.0,50356.25,50115.0,49916.666666666664,51287.77777777778,53604.166666666664,55860.416666666664
2014-12-05,51100.0,50400.0,50700.0,50800.0,30449.0,50800.0,50130.0,50356.25,50310.0,49953.333333333336,51058.88888888889,53482.5,55767.083333333336
2014-12-08,50800.0,49500.0,50800.0,49700.0,55967.0,49700.0,50190.0,50256.25,50335.0,49955.0,50803.333333333336,53305.833333333336,55665.416666666664
2014-12-09,55800.0,48950.0,49850.0,51700.0,443871.0,51700.0,50640.0,50356.25,50425.0,50058.333333333336,50676.666666666664,53162.5,55582.916666666664
2014-12-10,51600.0,50000.0,51000.0,50200.0,99818.0,50200.0,50640.0,50281.25,50395.0,50088.333333333336,50514.444444444445,53000.833333333336,55492.083333333336
2014-12-11,50200.0,49150.0,50100.0,49150.0,81042.0,49150.0,50310.0,50250.0,50220.0,50086.666666666664,50351.11111111111,52845.0,55396.666666666664
2014-12-12,51000.0,49100.0,49300.0,49550.0,74325.0,49550.0,50060.0,50262.5,50095.0,50071.666666666664,50247.77777777778,52699.166666666664,55305.416666666664
2014-12-15,50000.0,49250.0,49400.0,49550.0,33127.0,49550.0,50030.0,50181.25,50110.0,50040.0,50215.555555555555,52530.0,55223.333333333336
2014-12-16,49950.0,48400.0,49400.0,48550.0,66422.0,48550.0,49400.0,49900.0,50020.0,49988.333333333336,50161.11111111111,52337.5,55134.583333333336
2014-12-17,49050.0,47600.0,48450.0,47600.0,64930.0,47600.0,48880.0,49500.0,49760.0,49905.0,50034.444444444445,52124.166666666664,55036.25
2014-12-18,47850.0,45100.0,47300.0,45100.0,128518.0,45100.0,48070.0,48925.0,49190.0,49761.666666666664,49876.666666666664,51882.5,54918.75
2014-12-19,45500.0,43850.0,44350.0,44000.0,118332.0,44000.0,46960.0,47962.5,48510.0,49575.0,49714.444444444445,51587.5,54800.416666666664
2014-12-22,45700.0,44200.0,44500.0,44300.0,104607.0,44300.0,45910.0,47225.0,47970.0,49403.333333333336,49554.444444444445,51272.5,54683.75
2014-12-23,45100.0,43850.0,44350.0,44200.0,55478.0,44200.0,45040.0,46606.25,47220.0,49173.333333333336,49428.88888888889,50962.5,54554.583333333336
2014-12-24,44350.0,42900.0,44350.0,43000.0,103497.0,43000.0,44120.0,45787.5,46500.0,48906.666666666664,49226.666666666664,50645.833333333336,54423.75
2014-12-26,43350.0,42750.0,42850.0,42950.0,51900.0,42950.0,43690.0,44962.5,45880.0,48625.0,49063.333333333336,50305.0,54283.333333333336
2014-12-29,43650.0,41900.0,43100.0,42000.0,62801.0,42000.0,43290.0,44143.75,45125.0,48335.0,48892.22222222222,49986.666666666664,54136.666666666664
2014-12-30,47650.0,41650.0,42000.0,44900.0,414306.0,44900.0,43410.0,43806.25,44660.0,48193.333333333336,48786.666666666664,49715.0,54010.833333333336
2015-01-02,47250.0,45150.0,45150.0,46600.0,122760.0,46600.0,43890.0,43993.75,44465.0,48108.333333333336,48742.22222222222,49535.0,53911.666666666664
2015-01-05,47000.0,46000.0,46400.0,46700.0,62783.0,46700.0,44630.0,44331.25,44375.0,48023.333333333336,48684.444444444445,49355.0,53825.0
2015-01-06,46750.0,45200.0,46100.0,46150.0,76184.0,46150.0,45270.0,44562.5,44480.0,47928.333333333336,48616.666666666664,49182.5,53738.75
2015-01-07,47450.0,45850.0,46000.0,47300.0,66056.0,47300.0,46330.0,44950.0,44810.0,47876.666666666664,48556.666666666664,49067.5,53638.75
2015-01-08,48400.0,46600.0,47400.0,47500.0,69473.0,47500.0,46850.0,45512.5,45130.0,47811.666666666664,48490.0,49009.166666666664,53550.416666666664
2015-01-09,48450.0,47000.0,48000.0,48000.0,55220.0,48000.0,47130.0,46143.75,45510.0,47718.333333333336,48443.333333333336,48959.166666666664,53476.25
2015-01-12,49200.0,47750.0,48000.0,48950.0,69062.0,48950.0,47580.0,47012.5,46105.0,47666.666666666664,48417.77777777778,48886.666666666664,53407.5
2015-01-13,50200.0,48900.0,49300.0,49150.0,91488.0,49150.0,48180.0,47543.75,46725.0,47608.333333333336,48412.22222222222,48835.833333333336,53347.916666666664
2015-01-14,49450.0,47450.0,48800.0,47950.0,69321.0,47950.0,48310.0,47712.5,47320.0,47513.333333333336,48375.555555555555,48780.0,53277.5
2015-01-15,49950.0,47550.0,47550.0,49800.0,87883.0,49800.0,48770.0,48100.0,47810.0,47526.666666666664,48383.333333333336,48751.666666666664,53217.5
2015-01-16,49950.0,48400.0,49800.0,48600.0,49271.0,48600.0,48890.0,48406.25,48010.0,47498.333333333336,48327.77777777778,48730.833333333336,53132.5
2015-01-19,49050.0,47050.0,49050.0,47250.0,72415.0,47250.0,48550.0,48400.0,48065.0,47400.0,48244.444444444445,48650.0,53034.583333333336
2015-01-20,48250.0,46750.0,47000.0,48150.0,34628.0,48150.0,48350.0,48481.25,48265.0,47311.666666666664,48172.22222222222,48614.166666666664,52944.166666666664
2015-01-21,49550.0,48000.0,48050.0,49400.0,58565.0,49400.0,48640.0,48656.25,48475.0,47265.0,48143.333333333336,48609.166666666664,52864.166666666664
2015-01-22,49600.0,48300.0,49600.0,48400.0,40833.0,48400.0,48360.0,48587.5,48565.0,47221.666666666664,48126.666666666664,48588.333333333336,52775.833333333336
2015-01-23,48950.0,48050.0,48500.0,48200.0,34631.0,48200.0,48280.0,48468.75,48585.0,47105.0,48105.555555555555,48581.666666666664,52671.666666666664
2015-01-26,49000.0,46950.0,47900.0,47000.0,62335.0,47000.0,48230.0,48350.0,48390.0,46998.333333333336,48055.555555555555,48543.333333333336,52575.0
2015-01-27,47750.0,46650.0,47000.0,47050.0,92805.0,47050.0,48010.0,48006.25,48180.0,46928.333333333336,48012.22222222222,48507.5,52486.25
2015-01-28,48900.0,47200.0,47700.0,48000.0,77937.0,48000.0,47730.0,47931.25,48185.0,46876.666666666664,47993.333333333336,48474.166666666664,52410.416666666664
2015-01-29,49000.0,47850.0,48100.0,47900.0,48323.0,47900.0,47630.0,48012.5,47995.0,46821.666666666664,47958.88888888889,48430.833333333336,52332.083333333336
2015-01-30,48500.0,47100.0,48500.0,47150.0,46697.0,47150.0,47420.0,47887.5,47850.0,46775.0,47877.77777777778,48381.666666666664,52246.666666666664
2015-02-02,47400.0,46500.0,47150.0,47100.0,35695.0,47100.0,47440.0,47600.0,47835.0,46758.333333333336,47802.22222222222,48331.666666666664,52167.5
2015-02-03,47750.0,47050.0,47200.0,47350.0,33805.0,47350.0,47500.0,47468.75,47755.0,46833.333333333336,47723.333333333336,48297.5,52088.75
2015-02-04,48850.0,47200.0,47650.0,48450.0,60989.0,48450.0,47590.0,47500.0,47660.0,46981.666666666664,47671.11111111111,48278.333333333336,52026.666666666664
2015-02-05,55700.0,48700.0,48700.0,55700.0,799315.0,55700.0,49150.0,48587.5,48390.0,47361.666666666664,47811.11111111111,48382.5,52025.0
2015-02-06,58700.0,55200.0,56600.0,56400.0,576246.0,56400.0,51000.0,49756.25,49210.0,47768.333333333336,47965.555555555555,48470.833333333336,52026.666666666664
2015-02-09,64300.0,55300.0,57200.0,61800.0,881906.0,61800.0,53940.0,51481.25,50690.0,48395.0,48223.333333333336,48650.833333333336,52071.666666666664
2015-02-10,66400.0,61000.0,62700.0,65700.0,669225.0,65700.0,57610.0,53706.25,52555.0,49153.333333333336,48554.444444444445,48889.166666666664,52150.0
2015-02-11,66900.0,63500.0,64400.0,65900.0,320509.0,65900.0,61100.0,56050.0,54345.0,49950.0,48890.0,49142.5,52217.5
2015-02-12,67400.0,63700.0,66000.0,65300.0,279380.0,65300.0,63020.0,58325.0,56085.0,50630.0,49236.666666666664,49411.666666666664,52268.333333333336
2015-02-13,74900.0,65700.0,66000.0,73800.0,804594.0,73800.0,66500.0,61631.25,58750.0,51536.666666666664,49727.77777777778,49822.5,52397.5
2015-02-16,81000.0,71200.0,73800.0,72500.0,926442.0,72500.0,68640.0,64637.5,61290.0,52396.666666666664,50223.333333333336,50210.0,52524.166666666664
2015-02-17,77700.0,70600.0,75000.0,77600.0,590513.0,77600.0,71020.0,67375.0,64315.0,53445.0,50855.555555555555,50686.666666666664,52701.666666666664
2015-02-23,81500.0,76700.0,80000.0,77800.0,513141.0,77800.0,73400.0,70050.0,67250.0,54461.666666666664,51483.333333333336,51169.166666666664,52880.833333333336
2015-02-24,77500.0,74500.0,76800.0,75700.0,265931.0,75700.0,75480.0,71787.5,69250.0,55401.666666666664,52064.444444444445,51606.666666666664,53050.0
2015-02-25,80000.0,70100.0,77300.0,72000.0,616068.0,72000.0,75120.0,72575.0,70810.0,56201.666666666664,52585.555555555555,51960.0,53175.0
2015-02-26,78500.0,70600.0,72000.0,78500.0,460649.0,78500.0,76320.0,74150.0,72480.0,57186.666666666664,53272.22222222222,52426.666666666664,53361.666666666664
2015-02-27,80500.0,76700.0,80000.0,78000.0,296116.0,78000.0,76400.0,75737.5,73710.0,58148.333333333336,54003.333333333336,52878.333333333336,53544.166666666664
2015-03-02,82000.0,77000.0,77500.0,81400.0,447248.0,81400.0,77120.0,76687.5,75260.0,59263.333333333336,54834.444444444445,53388.333333333336,53749.166666666664
2015-03-03,84500.0,79700.0,80800.0,82200.0,349177.0,82200.0,78420.0,77900.0,76950.0,60343.333333333336,55676.666666666664,53935.0,53959.166666666664
2015-03-04,84100.0,80900.0,81800.0,81200.0,248286.0,81200.0,80260.0,78350.0,77690.0,61430.0,56498.88888888889,54464.166666666664,54155.0
2015-03-05,83000.0,79100.0,82000.0,82500.0,218388.0,82500.0,81060.0,78937.5,78690.0,62605.0,57376.666666666664,55002.5,54360.0
2015-03-06,88000.0,83300.0,83600.0,86400.0,422906.0,86400.0,82740.0,80275.0,79570.0,63880.0,58342.22222222222,55595.833333333336,54600.0
2015-03-09,87200.0,84600.0,85600.0,87200.0,159096.0,87200.0,83900.0,82175.0,80510.0,65140.0,59346.666666666664,56202.5,54842.5
2015-03-10,87100.0,81600.0,86200.0,82500.0,322164.0,82500.0,83960.0,82675.0,81190.0,66276.66666666667,60182.22222222222,56749.166666666664,55027.5
2015-03-11,81800.0,75900.0,81800.0,77900.0,720828.0,77900.0,83300.0,82662.5,81780.0,67266.66666666667,60877.77777777778,57185.833333333336,55174.166666666664
2015-03-12,80300.0,77300.0,78500.0,78000.0,266543.0,78000.0,82400.0,82237.5,81730.0,68300.0,61573.333333333336,57649.166666666664,55325.0
2015-03-13,80800.0,78600.0,79300.0,79200.0,188772.0,79200.0,80960.0,81862.5,81850.0,69371.66666666667,62307.77777777778,58150.0,55497.5
2015-03-16,79600.0,76000.0,79000.0,76800.0,191161.0,76800.0,78880.0,81312.5,81390.0,70331.66666666667,62963.333333333336,58604.166666666664,55651.666666666664
2015-03-17,78800.0,76800.0,78000.0,78200.0,141463.0,78200.0,78020.0,80775.0,80990.0,71341.66666666667,63645.555555555555,59081.666666666664,55805.833333333336
2015-03-18,84600.0,80300.0,82000.0,81400.0,716411.0,81400.0,78720.0,80150.0,81010.0,72483.33333333333,64387.77777777778,59629.166666666664,55983.333333333336
2015-03-19,84800.0,78900.0,82800.0,84800.0,418559.0,84800.0,80080.0,79850.0,81240.0,73740.0,65184.444444444445,60249.166666666664,56186.666666666664
2015-03-20,85900.0,83100.0,85900.0,83500.0,260268.0,83500.0,80940.0,79975.0,80950.0,74945.0,65947.77777777778,60889.166666666664,56385.833333333336
2015-03-23,84000.0,80400.0,83500.0,80800.0,187846.0,80800.0,81740.0,80337.5,80310.0,76023.33333333333,66677.77777777778,61502.5,56545.0
2015-03-24,83400.0,80400.0,80800.0,81000.0,184066.0,81000.0,82300.0,80712.5,80160.0,76866.66666666667,67371.11111111111,62114.166666666664,56693.333333333336
2015-03-25,85000.0,78400.0,80800.0,84500.0,631742.0,84500.0,82920.0,81375.0,80820.0,77803.33333333333,68168.88888888889,62785.833333333336,56874.166666666664
2015-03-26,84100.0,78900.0,83200.0,79200.0,356508.0,79200.0,81800.0,81675.0,80940.0,78383.33333333333,68878.88888888889,63389.166666666664,57017.5
2015-03-27,82400.0,79200.0,79900.0,80400.0,283133.0,80400.0,81180.0,81950.0,81060.0,78873.33333333333,69595.55555555556,64013.333333333336,57159.166666666664
2015-03-30,80900.0,74700.0,80100.0,74700.0,436350.0,74700.0,79960.0,81112.5,80850.0,79166.66666666667,70157.77777777778,64558.333333333336,57272.5
2015-03-31,76500.0,74200.0,74900.0,75100.0,194763.0,75100.0,78780.0,79900.0,80540.0,79493.33333333333,70751.11111111111,65061.666666666664,57388.333333333336
2015-04-01,74700.0,70900.0,74500.0,72400.0,331524.0,72400.0,76360.0,78512.5,79640.0,79446.66666666667,71288.88888888889,65491.666666666664,57513.333333333336
2015-04-02,75500.0,72500.0,72800.0,73000.0,230219.0,73000.0,75120.0,77537.5,78460.0,79463.33333333333,71866.66666666667,65930.0,57642.5
2015-04-03,76100.0,72900.0,74100.0,73900.0,134149.0,73900.0,73820.0,76650.0,77500.0,79340.0,72463.33333333333,66392.5,57787.5
2015-04-06,75400.0,72100.0,74300.0,75200.0,132526.0,75200.0,73920.0,75487.5,76940.0,79253.33333333333,73067.77777777778,66857.5,57962.5
2015-04-07,76700.0,74400.0,75800.0,74700.0,155457.0,74700.0,73840.0,74925.0,76310.0,79220.0,73663.33333333333,67310.83333333333,58160.0
2015-04-08,75500.0,72200.0,74800.0,73100.0,172419.0,73100.0,73980.0,74012.5,75170.0,79256.66666666667,74240.0,67729.16666666667,58344.166666666664
2015-04-09,76100.0,71400.0,73100.0,74100.0,329873.0,74100.0,74200.0,73937.5,74660.0,79110.0,74840.0,68148.33333333333,58517.5
2015-04-10,76100.0,74100.0,76000.0,74200.0,148048.0,74200.0,74260.0,73825.0,74040.0,78983.33333333333,75436.66666666667,68565.83333333333,58700.833333333336
2015-04-13,79900.0,72700.0,75000.0,78300.0,374405.0,78300.0,74880.0,74562.5,74400.0,78880.0,76100.0,69071.66666666667,58925.833333333336
2015-04-14,81300.0,76000.0,78400.0,76700.0,365083.0,76700.0,75280.0,75025.0,74560.0,78696.66666666667,76566.66666666667,69520.0,59135.833333333336
2015-04-15,81000.0,76600.0,77200.0,80200.0,327659.0,80200.0,76700.0,75812.5,75340.0,78663.33333333333,77095.55555555556,70046.66666666667,59388.75
2015-04-16,92200.0,78400.0,81100.0,92200.0,1795993.0,92200.0,80320.0,77937.5,77260.0,78986.66666666667,77771.11111111111,70795.83333333333,59722.916666666664
2015-04-17,104900.0,92600.0,94500.0,102100.0,1747187.0,102100.0,85900.0,81362.5,80080.0,79510.0,78580.0,71695.0,60154.583333333336
2015-04-20,113900.0,101000.0,101100.0,107300.0,1247526.0,107300.0,91700.0,85637.5,83290.0,80180.0,79500.0,72660.0,60634.583333333336
2015-04-21,109200.0,103600.0,109100.0,105500.0,455269.0,105500.0,97460.0,89562.5,86370.0,80946.66666666667,80393.33333333333,73611.66666666667,61100.0
2015-04-22,115400.0,95000.0,108000.0,103400.0,1057280.0,103400.0,102100.0,93212.5,89400.0,81796.66666666667,81051.11111111111,74531.66666666667,61556.666666666664
2015-04-23,105800.0,95200.0,104800.0,97000.0,623697.0,97000.0,103060.0,95550.0,91690.0,82430.0,81595.55555555556,75365.0,61954.166666666664
2015-04-24,98400.0,89200.0,96000.0,93000.0,971868.0,93000.0,101240.0,97587.5,93570.0,82890.0,81937.77777777778,76130.83333333333,62319.166666666664
2015-04-27,96200.0,92100.0,94100.0,92800.0,354580.0,92800.0,98340.0,99162.5,95020.0,83423.33333333333,82271.11111111111,76877.5,62675.833333333336
2015-04-28,95800.0,89800.0,91700.0,93100.0,483209.0,93100.0,95860.0,99275.0,96660.0,83920.0,82657.77777777778,77630.83333333333,63030.833333333336
2015-04-29,97200.0,91600.0,93200.0,92000.0,446676.0,92000.0,93580.0,98012.5,97840.0,84273.33333333333,83102.22222222222,78378.33333333333,63380.0
2015-04-30,92100.0,88000.0,91700.0,88800.0,389126.0,88800.0,91940.0,95700.0,97500.0,84406.66666666667,83331.11111111111,79073.33333333333,63702.5
2015-05-04,92200.0,88200.0,89400.0,88500.0,295098.0,88500.0,91040.0,93575.0,96140.0,84573.33333333333,83564.44444444444,79759.16666666667,64028.333333333336
2015-05-06,94500.0,87700.0,88800.0,90700.0,542076.0,90700.0,90620.0,91987.5,94480.0,84903.33333333333,83771.11111111111,80463.33333333333,64370.833333333336
2015-05-07,96000.0,89800.0,92000.0,96000.0,514003.0,96000.0,91200.0,91862.5,93530.0,85403.33333333333,84077.77777777778,81135.0,64758.75
2015-05-08,97400.0,94500.0,96000.0,96200.0,311410.0,96200.0,92040.0,92262.5,92810.0,85793.33333333333,84411.11111111111,81798.33333333333,65134.583333333336
2015-05-11,98500.0,94700.0,97600.0,94700.0,244182.0,94700.0,93220.0,92500.0,92580.0,86310.0,84682.22222222222,82346.66666666667,65498.75
2015-05-12,97700.0,82300.0,94700.0,87000.0,585255.0,87000.0,92920.0,91737.5,91980.0,86530.0,84695.55555555556,82701.66666666667,65795.41666666667
2015-05-13,90300.0,83700.0,89000.0,88500.0,332051.0,88500.0,92480.0,91300.0,91550.0,86990.0,84724.44444444444,83078.33333333333,66110.41666666667
2015-05-14,87800.0,83600.0,87500.0,85400.0,302780.0,85400.0,90360.0,90875.0,90780.0,87333.33333333333,84788.88888888889,83413.33333333333,66412.5
2015-05-15,87300.0,83900.0,86300.0,86100.0,206103.0,86100.0,88340.0,90575.0,90190.0,87790.0,84971.11111111111,83618.33333333333,66720.41666666667
2015-05-18,99000.0,87500.0,88000.0,99000.0,654802.0,99000.0,89200.0,91612.5,91210.0,88656.66666666667,85437.77777777778,84060.0,67135.0
2015-05-19,103200.0,98000.0,101800.0,100500.0,398184.0,100500.0,91900.0,92175.0,92410.0,89543.33333333333,85911.11111111111,84441.66666666667,67564.16666666667
2015-05-20,109800.0,96100.0,100000.0,100300.0,1177143.0,100300.0,94260.0,92687.5,93370.0,90380.0,86433.33333333333,84816.66666666667,67992.91666666667
2015-05-21,109400.0,100800.0,106500.0,104700.0,784303.0,104700.0,98120.0,93937.5,94240.0,91380.0,87022.22222222222,85300.0,68453.33333333333
2015-05-22,109100.0,103100.0,104100.0,106000.0,522170.0,106000.0,102100.0,96312.5,95220.0,92476.66666666667,87568.88888888889,85866.66666666667,68913.33333333333
2015-05-26,106700.0,98000.0,106600.0,98000.0,449152.0,98000.0,101900.0,97500.0,95550.0,93273.33333333333,87862.22222222222,86191.66666666667,69309.16666666667
2015-05-27,97500.0,93200.0,96400.0,93400.0,278708.0,93400.0,100480.0,98500.0,96190.0,93913.33333333333,88082.22222222222,86448.33333333333,69663.33333333333
2015-05-28,96600.0,93000.0,95000.0,93600.0,206239.0,93600.0,99140.0,99437.5,96700.0,94423.33333333333,88366.66666666667,86651.66666666667,70020.0
2015-05-29,105500.0,94300.0,94300.0,96500.0,769303.0,96500.0,97500.0,99125.0,97810.0,95083.33333333333,88711.11111111111,86890.0,70412.5
2015-06-01,96500.0,92400.0,95400.0,94400.0,172506.0,94400.0,95180.0,98362.5,98640.0,95556.66666666667,88931.11111111111,87110.0,70787.08333333333
2015-06-02,98800.0,92300.0,95000.0,92300.0,231439.0,92300.0,94040.0,97362.5,97970.0,95560.0,89222.22222222222,87273.33333333333,71137.91666666667
2015-06-03,93500.0,89200.0,91500.0,89400.0,159682.0,89400.0,93240.0,95450.0,96860.0,95136.66666666667,89422.22222222222,87323.33333333333,71459.58333333333
2015-06-04,94800.0,89400.0,90400.0,93500.0,207475.0,93500.0,93220.0,93887.5,96180.0,94676.66666666667,89840.0,87428.33333333333,71815.41666666667
2015-06-05,97400.0,91700.0,93000.0,92100.0,185402.0,92100.0,92340.0,93150.0,94920.0,94230.0,90217.77777777778,87588.33333333333,72168.75
2015-06-08,96900.0,91000.0,92300.0,95700.0,181760.0,95700.0,92600.0,93437.5,93890.0,93973.33333333333,90735.55555555556,87885.0,72535.41666666667
2015-06-09,104400.0,94800.0,95200.0,102600.0,622555.0,102600.0,94660.0,94562.5,94350.0,94160.0,91393.33333333333,88295.0,72972.08333333333
2015-06-10,107400.0,100200.0,104800.0,100300.0,433488.0,100300.0,96840.0,95037.5,95040.0,94403.33333333333,91980.0,88646.66666666667,73398.33333333333
2015-06-11,110000.0,100300.0,101500.0,110000.0,784017.0,110000.0,100140.0,96987.5,96680.0,94976.66666666667,92753.33333333333,89200.0,73902.08333333333
2015-06-12,116800.0,106300.0,110400.0,109000.0,890667.0,109000.0,103520.0,99075.0,97930.0,95506.66666666667,93515.55555555556,89713.33333333333,74397.5
2015-06-15,116400.0,107800.0,108200.0,111800.0,378208.0,111800.0,106740.0,101875.0,99670.0,96166.66666666667,94375.55555555556,90220.0,74924.58333333333
2015-06-16,128000.0,110500.0,112000.0,128000.0,975176.0,128000.0,111820.0,106187.5,103240.0,97473.33333333333,95573.33333333333,90940.0,75594.58333333333
2015-06-17,130500.0,123800.0,128500.0,125700.0,534588.0,125700.0,116900.0,110387.5,106870.0,98713.33333333333,96717.77777777778,91643.33333333333,76266.25
2015-06-18,133100.0,122600.0,128300.0,126900.0,556365.0,126900.0,120280.0,114287.5,110210.0,99920.0,97797.77777777778,92411.66666666667,76957.08333333333
2015-06-19,130500.0,124000.0,127500.0,126200.0,273796.0,126200.0,123720.0,117237.5,113620.0,100926.66666666667,98897.77777777778,93165.0,77639.58333333333
2015-06-22,132100.0,124700.0,126700.0,128100.0,415995.0,128100.0,126980.0,120712.5,116860.0,101990.0,99962.22222222222,93891.66666666667,78338.75
2015-06-23,131500.0,113200.0,130300.0,118100.0,1103554.0,118100.0,125000.0,121725.0,118410.0,102770.0,100537.77777777778,94540.0,78964.58333333333
2015-06-24,120700.0,115000.0,116100.0,116300.0,338174.0,116300.0,123120.0,122637.5,120010.0,103746.66666666667,100853.33333333333,95138.33333333333,79575.83333333333
2015-06-25,124600.0,118200.0,118200.0,123000.0,484836.0,123000.0,122340.0,124037.5,121310.0,104896.66666666667,101202.22222222222,95943.33333333333,80250.83333333333
2015-06-26,126800.0,119500.0,124500.0,120000.0,362306.0,120000.0,121100.0,123037.5,122410.0,106050.0,101524.44444444444,96691.66666666667,80876.66666666667
2015-06-29,117700.0,112600.0,114600.0,114700.0,252655.0,114700.0,118420.0,121662.5,122700.0,107003.33333333333,101775.55555555556,97396.66666666667,81444.16666666667
2015-06-30,117800.0,111000.0,114800.0,117000.0,219559.0,117000.0,118200.0,120425.0,121600.0,107603.33333333333,102220.0,98130.0,82030.0
2015-07-01,124300.0,116200.0,117000.0,121000.0,394183.0,121000.0,119140.0,119775.0,121130.0,108286.66666666667,102842.22222222222,98915.0,82653.75
2015-07-02,125400.0,120000.0,123300.0,122900.0,331916.0,122900.0,119120.0,119125.0,120730.0,109040.0,103511.11111111111,99710.0,83283.75
2015-07-03,134600.0,124800.0,125800.0,133300.0,814333.0,133300.0,121780.0,121025.0,121440.0,109993.33333333333,104404.44444444444,100686.66666666667,83998.75
2015-07-06,169700.0,128700.0,130600.0,166400.0,2084038.0,166400.0,132120.0,127287.5,125270.0,112006.66666666667,106057.77777777778,102241.66666666667,84985.41666666667
2015-07-07,168700.0,124000.0,164000.0,129500.0,1578087.0,129500.0,134620.0,128100.0,126410.0,113056.66666666667,106962.22222222222,103165.0,85656.66666666667
2015-07-08,132000.0,117500.0,130000.0,122500.0,866674.0,122500.0,134920.0,128412.5,127030.0,114026.66666666667,107717.77777777778,103970.0,86267.91666666667
2015-07-09,131300.0,116600.0,119500.0,128500.0,705271.0,128500.0,136040.0,130137.5,127580.0,115190.0,108557.77777777778,104806.66666666667,86939.16666666667
2015-07-10,147700.0,128500.0,128500.0,134400.0,800270.0,134400.0,136260.0,132312.5,129020.0,116453.33333333333,109411.11111111111,105768.33333333333,87644.16666666667
2015-07-13,135800.0,129800.0,134000.0,133900.0,302721.0,133900.0,129760.0,133925.0,130940.0,117770.0,110248.88888888889,106663.33333333333,88355.0
2015-07-14,141800.0,134000.0,137500.0,134500.0,266099.0,134500.0,130760.0,135375.0,132690.0,119176.66666666667,111133.33333333333,107368.33333333333,89082.08333333333
2015-07-15,140500.0,134700.0,135900.0,138000.0,269319.0,138000.0,133860.0,135962.5,134390.0,120796.66666666667,112266.66666666667,107966.66666666667,89830.83333333333
2015-07-16,145500.0,129600.0,141000.0,131000.0,432291.0,131000.0,134360.0,131537.5,135200.0,122046.66666666667,113211.11111111111,108361.66666666667,90510.83333333333
2015-07-17,130800.0,121300.0,130000.0,126700.0,359634.0,126700.0,132820.0,131187.5,134540.0,123200.0,114128.88888888889,108715.0,91163.33333333333
2015-07-20,134700.0,127500.0,129200.0,133400.0,241026.0,133400.0,132720.0,132550.0,131240.0,124456.66666666667,115180.0,109215.0,91873.33333333333
2015-07-21,135800.0,125000.0,131000.0,128500.0,265027.0,128500.0,131520.0,132550.0,131140.0,125320.0,115835.55555555556,109740.0,92552.5
2015-07-22,128900.0,121500.0,127000.0,122000.0,275172.0,122000.0,128320.0,131000.0,131090.0,126043.33333333333,116313.33333333333,110223.33333333333,93177.08333333333
2015-07-23,130400.0,121800.0,122800.0,128100.0,340986.0,128100.0,127740.0,130275.0,131050.0,126646.66666666667,116931.11111111111,110811.66666666667,93844.58333333333
2015-07-24,130500.0,125200.0,127200.0,129100.0,246608.0,129100.0,128220.0,129600.0,130520.0,127316.66666666667,117473.33333333333,111411.66666666667,94521.25
2015-07-27,124800.0,117400.0,124800.0,117500.0,306699.0,117500.0,125040.0,127037.5,128880.0,127506.66666666667,117728.88888888889,111836.66666666667,95107.5
2015-07-28,117700.0,109400.0,113200.0,116000.0,282704.0,116000.0,122540.0,125162.5,127030.0,127106.66666666667,118128.88888888889,112290.0,95681.66666666667
2015-07-29,120500.0,104500.0,119200.0,104500.0,272613.0,104500.0,119040.0,122387.5,123680.0,126400.0,118375.55555555556,112556.66666666667,96157.91666666667
2015-07-30,108400.0,99900.0,105600.0,103000.0,399041.0,103000.0,114020.0,118587.5,120880.0,125603.33333333333,118584.44444444444,112761.66666666667,96612.5
2015-07-31,109700.0,100200.0,103000.0,109700.0,197066.0,109700.0,110140.0,116237.5,119180.0,125053.33333333333,118877.77777777778,112990.0,97062.5
2015-08-03,110700.0,101000.0,110600.0,101000.0,210065.0,101000.0,106840.0,113612.5,115940.0,124150.0,119024.44444444444,113070.0,97434.16666666667
2015-08-04,113200.0,98800.0,98800.0,108500.0,387296.0,108500.0,105340.0,111162.5,113940.0,123830.0,119384.44444444444,113300.0,97823.33333333333
2015-08-05,109500.0,106300.0,108500.0,108200.0,140664.0,108200.0,106080.0,108550.0,112560.0,123560.0,119802.22222222222,113653.33333333333,98177.5
2015-08-06,111300.0,106300.0,109300.0,107100.0,161883.0,107100.0,106900.0,107250.0,110460.0,123030.0,120104.44444444444,113963.33333333333,98520.83333333333
2015-08-07,107300.0,101300.0,104700.0,106400.0,131274.0,106400.0,106240.0,106050.0,108190.0,122576.66666666667,120422.22222222222,114313.33333333333,98863.33333333333
2015-08-10,110800.0,106300.0,107900.0,107500.0,134965.0,107500.0,107540.0,106425.0,107190.0,122336.66666666667,120684.44444444444,114670.0,99144.16666666667
2015-08-11,109600.0,101700.0,108900.0,102500.0,149708.0,102500.0,106340.0,106362.5,105840.0,121853.33333333333,120682.22222222222,114728.33333333333,99394.16666666667
2015-08-12,104900.0,95000.0,100800.0,100000.0,277126.0,100000.0,104700.0,105150.0,105390.0,121153.33333333333,120675.55555555556,114720.0,99580.83333333333
2015-08-13,103300.0,98800.0,100000.0,100000.0,182813.0,100000.0,103280.0,105025.0,105090.0,120390.0,120453.33333333333,114715.0,99765.83333333333
2015-08-14,100000.0,100000.0,100000.0,100000.0,0.0,100000.0,102000.0,103962.5,104120.0,119280.0,120253.33333333333,114636.66666666667,99968.33333333333
2015-08-17,103300.0,96500.0,101200.0,98000.0,119176.0,98000.0,100100.0,102687.5,103820.0,117000.0,119946.66666666667,114503.33333333333,100185.0
2015-08-18,99300.0,89500.0,99200.0,89500.0,308608.0,89500.0,97500.0,100487.5,101920.0,115666.66666666667,119091.11111111111,114361.66666666667,100276.66666666667
2015-08-19,91800.0,84100.0,87300.0,88100.0,407571.0,88100.0,95120.0,98200.0,99910.0,114520.0,118255.55555555556,114273.33333333333,100360.83333333333
2015-08-20,90200.0,86500.0,87800.0,86900.0,176378.0,86900.0,92500.0,95625.0,97890.0,113133.33333333333,117366.66666666667,114161.66666666667,100406.66666666667
2015-08-21,84300.0,78700.0,81300.0,81000.0,304387.0,81000.0,88700.0,92937.5,95350.0,111353.33333333333,116362.22222222222,113903.33333333333,100396.66666666667
2015-08-24,84300.0,78200.0,81000.0,79300.0,250091.0,79300.0,84960.0,90350.0,92530.0,109533.33333333333,115277.77777777778,113651.66666666667,100380.83333333333
2015-08-25,88500.0,79100.0,81000.0,86000.0,389234.0,86000.0,84260.0,88600.0,90880.0,107916.66666666667,114564.44444444444,113546.66666666667,100410.0
2015-08-26,89700.0,84300.0,86100.0,88300.0,239291.0,88300.0,84300.0,87137.5,89710.0,106260.0,113942.22222222222,113528.33333333333,100425.83333333333
2015-08-27,92900.0,88000.0,90000.0,88100.0,249973.0,88100.0,84540.0,85900.0,88520.0,104830.0,113166.66666666667,113438.33333333333,100433.33333333333
2015-08-28,90500.0,88000.0,90200.0,89100.0,126242.0,89100.0,86160.0,85850.0,87430.0,103576.66666666667,112480.0,113388.33333333333,100488.33333333333
2015-08-31,89500.0,85800.0,89300.0,87400.0,142078.0,87400.0,87780.0,85762.5,86370.0,102043.33333333333,111873.33333333333,113250.0,100567.5
2015-09-01,88100.0,85200.0,86500.0,85900.0,101244.0,85900.0,87760.0,85637.5,86010.0,100623.33333333333,111182.22222222222,112971.66666666667,100633.33333333333
2015-09-02,89500.0,82700.0,83000.0,88000.0,189150.0,88000.0,87700.0,86512.5,86000.0,99490.0,110448.88888888889,112766.66666666667,100706.66666666667
2015-09-03,90500.0,84200.0,88000.0,85200.0,207245.0,85200.0,87120.0,87250.0,85830.0,98060.0,109611.11111111111,112353.33333333333,100776.66666666667
2015-09-04,86100.0,73900.0,85200.0,75200.0,366913.0,75200.0,84340.0,85900.0,85250.0,96263.33333333333,108320.0,111790.0,100751.66666666667
2015-09-07,78600.0,71900.0,74000.0,75500.0,168692.0,75500.0,81960.0,84300.0,84870.0,94863.33333333333,106300.0,111185.0,100702.5
2015-09-08,77500.0,71600.0,76500.0,73400.0,138042.0,73400.0,79460.0,82462.5,83610.0,93443.33333333333,105053.33333333333,110275.0,100607.5
2015-09-09,79700.0,75400.0,75600.0,79700.0,164670.0,79700.0,77800.0,81287.5,82750.0,92616.66666666667,104102.22222222222,109508.33333333333,100575.83333333333
2015-09-10,81000.0,77500.0,78700.0,81000.0,97592.0,81000.0,76960.0,80487.5,82040.0,91883.33333333333,103046.66666666667,108743.33333333333,100577.5
2015-09-11,82000.0,79500.0,80700.0,80900.0,92972.0,80900.0,78100.0,79862.5,81220.0,90923.33333333333,101857.77777777778,107988.33333333333,100576.66666666667
2015-09-14,82500.0,78000.0,81100.0,79200.0,61833.0,79200.0,78840.0,78762.5,80400.0,90196.66666666667,100642.22222222222,107173.33333333333,100532.5
2015-09-15,80600.0,78200.0,78200.0,80500.0,49714.0,80500.0,80260.0,78175.0,79860.0,89263.33333333333,99442.22222222222,106546.66666666667,100543.33333333333
2015-09-16,85600.0,80800.0,81500.0,84200.0,171629.0,84200.0,81160.0,79300.0,79480.0,88463.33333333333,98246.66666666667,106011.66666666667,100575.0
2015-09-17,85500.0,82500.0,85400.0,82900.0,102898.0,82900.0,81540.0,80225.0,79250.0,87656.66666666667,97177.77777777778,105343.33333333333,100643.33333333333
2015-09-18,90800.0,83800.0,84000.0,90400.0,270764.0,90400.0,83440.0,82350.0,80770.0,87123.33333333333,96371.11111111111,104850.0,100770.83333333333
2015-09-21,91100.0,88100.0,89400.0,91000.0,113118.0,91000.0,85800.0,83762.5,82320.0,86573.33333333333,95428.88888888889,104455.0,100925.83333333333
2015-09-22,97400.0,89700.0,90000.0,93000.0,229000.0,93000.0,88300.0,85262.5,84280.0,86256.66666666667,94640.0,104055.0,101092.5
2015-09-23,101500.0,92300.0,93000.0,97400.0,392903.0,97400.0,90940.0,87325.0,86050.0,86170.0,94093.33333333333,103661.66666666667,101288.33333333333
2015-09-24,99000.0,95500.0,98700.0,96800.0,146551.0,96800.0,93720.0,89525.0,87630.0,86063.33333333333,93397.77777777778,103226.66666666667,101468.33333333333
2015-09-25,97400.0,91400.0,96500.0,95000.0,170982.0,95000.0,94640.0,91337.5,89040.0,85896.66666666667,92640.0,102588.33333333333,101637.5
2015-09-30,91300.0,87500.0,91000.0,89700.0,178804.0,89700.0,94380.0,92025.0,90090.0,85620.0,92022.22222222222,101310.0,101775.83333333333
2015-10-01,91800.0,89500.0,91000.0,90500.0,96139.0,90500.0,93880.0,92975.0,91090.0,85653.33333333333,91455.55555555556,100660.0,101912.5
2015-10-02,91800.0,90500.0,90800.0,91200.0,52611.0,91200.0,92640.0,93075.0,91790.0,85756.66666666667,91160.0,100138.33333333333,102054.16666666667
2015-10-05,97400.0,93000.0,93000.0,95500.0,145645.0,95500.0,92380.0,93637.5,93050.0,86043.33333333333,90993.33333333333,99588.33333333333,102197.5
2015-10-06,97600.0,92300.0,97400.0,93600.0,93569.0,93600.0,92100.0,93712.5,93370.0,86463.33333333333,90635.55555555556,98908.33333333333,102338.33333333333
2015-10-07,92600.0,88100.0,91600.0,89400.0,174496.0,89400.0,92040.0,92712.5,93210.0,86800.0,90377.77777777778,98166.66666666667,102415.0
2015-10-08,92000.0,88300.0,90800.0,89200.0,70217.0,89200.0,91780.0,91762.5,92830.0,86906.66666666667,89948.88888888889,97411.66666666667,102390.0
2015-10-12,92100.0,88300.0,89000.0,89300.0,74528.0,89300.0,91400.0,91050.0,92020.0,86940.0,89528.88888888889,96600.0,102283.33333333333
2015-10-13,90300.0,85900.0,89300.0,88000.0,111844.0,88000.0,89900.0,90837.5,91140.0,86936.66666666667,89104.44444444444,95883.33333333333,102122.5
2015-10-14,89300.0,86000.0,87700.0,87900.0,64783.0,87900.0,88760.0,90512.5,90430.0,86896.66666666667,88693.33333333333,95236.66666666667,101975.83333333333
2015-10-15,89000.0,86200.0,88100.0,87300.0,83159.0,87300.0,88340.0,90025.0,90190.0,86893.33333333333,88244.44444444444,94468.33333333333,101841.66666666667
2015-10-16,90300.0,87500.0,88500.0,89200.0,127371.0,89200.0,88340.0,89237.5,90060.0,87003.33333333333,87948.88888888889,93813.33333333333,101776.66666666667
2015-10-19,89900.0,87900.0,89600.0,88700.0,42231.0,88700.0,88220.0,88625.0,89810.0,87026.66666666667,87697.77777777778,93258.33333333333,101740.83333333333
2015-10-20,95400.0,87300.0,89000.0,95200.0,211140.0,95200.0,89660.0,89350.0,89780.0,87360.0,87591.11111111111,92710.0,101760.83333333333
2015-10-21,98000.0,92400.0,95000.0,92400.0,208053.0,92400.0,90560.0,89750.0,89660.0,87933.33333333333,87422.22222222222,92098.33333333333,101755.0
2015-10-22,97000.0,90100.0,91600.0,94500.0,228468.0,94500.0,92000.0,90400.0,90170.0,88566.66666666667,87344.44444444444,91715.0,101775.83333333333
2015-10-23,99300.0,94700.0,95500.0,98100.0,273976.0,98100.0,93780.0,91662.5,91060.0,89390.0,87535.55555555556,91416.66666666667,101853.33333333333
2015-10-26,102300.0,98500.0,102300.0,101400.0,247707.0,101400.0,96320.0,93350.0,92270.0,90113.33333333333,87831.11111111111,91365.0,101960.83333333333
2015-10-27,100700.0,96500.0,100700.0,96500.0,127427.0,96500.0,96580.0,94500.0,93120.0,90630.0,88044.44444444444,91256.66666666667,102009.16666666667
2015-10-28,100000.0,94000.0,95600.0,99100.0,150494.0,99100.0,97920.0,95737.5,94240.0,91236.66666666667,88446.66666666667,91080.0,102035.0
2015-10-29,101000.0,96600.0,98800.0,98000.0,138499.0,98000.0,98620.0,96900.0,95310.0,91863.33333333333,88862.22222222222,91030.0,102050.0
2015-10-30,98500.0,96100.0,97100.0,97300.0,90512.0,97300.0,98460.0,97162.5,96120.0,92423.33333333333,89113.33333333333,90843.33333333333,102071.66666666667
2015-11-02,97600.0,92500.0,97300.0,93800.0,105236.0,93800.0,96940.0,97337.5,96630.0,92743.33333333333,89235.55555555556,90603.33333333333,102128.33333333333
2015-11-03,95400.0,91300.0,94800.0,93400.0,102928.0,93400.0,96320.0,97200.0,96450.0,93093.33333333333,89353.33333333333,90375.0,102169.16666666667
2015-11-04,97500.0,93000.0,93500.0,96700.0,108891.0,96700.0,95840.0,97025.0,96880.0,93303.33333333333,89522.22222222222,90213.33333333333,102263.33333333333
2015-11-05,98400.0,96700.0,97600.0,97500.0,101255.0,97500.0,95740.0,96537.5,97180.0,93520.0,89746.66666666667,90046.66666666667,102358.33333333333
2015-11-06,104300.0,99500.0,103200.0,103000.0,437641.0,103000.0,96880.0,97350.0,97670.0,93853.33333333333,90126.66666666667,90055.0,102391.66666666667
2015-11-09,100300.0,93200.0,100000.0,93200.0,281715.0,93200.0,96760.0,96612.5,96850.0,93713.33333333333,90242.22222222222,89941.66666666667,102330.83333333333
2015-11-10,93000.0,86400.0,92200.0,92000.0,286069.0,92000.0,96480.0,95862.5,96400.0,93553.33333333333,90393.33333333333,89808.33333333333,102261.66666666667
2015-11-11,93400.0,90000.0,90900.0,90200.0,106968.0,90200.0,95180.0,94975.0,95510.0,93393.33333333333,90726.66666666667,89645.0,102140.83333333333
2015-11-12,110000.0,90800.0,90800.0,99000.0,735791.0,99000.0,95480.0,95625.0,95610.0,93703.33333333333,91248.88888888889,89661.66666666667,102082.5
2015-11-13,103000.0,96500.0,98500.0,100300.0,260564.0,100300.0,94940.0,96487.5,95910.0,94030.0,91846.66666666667,89841.66666666667,102101.66666666667
2015-11-16,109500.0,98000.0,98200.0,107000.0,529910.0,107000.0,97700.0,97775.0,97230.0,94556.66666666667,92453.33333333333,90156.66666666667,102215.0
2015-11-17,107700.0,103000.0,106500.0,106200.0,261383.0,106200.0,100540.0,98862.5,98510.0,94913.33333333333,93013.33333333333,90478.33333333333,102320.0
2015-11-18,112800.0,104000.0,107900.0,104000.0,360017.0,104000.0,103300.0,98987.5,99240.0,95260.0,93526.66666666667,90861.66666666667,102382.5
2015-11-19,109300.0,103400.0,104600.0,107300.0,249647.0,107300.0,104960.0,100750.0,100220.0,95856.66666666667,94151.11111111111,91328.33333333333,102490.0
2015-11-20,112100.0,106100.0,107200.0,109000.0,324139.0,109000.0,106700.0,102875.0,100820.0,96516.66666666667,94784.44444444444,91711.66666666667,102629.16666666667
2015-11-23,111600.0,106800.0,109000.0,107000.0,151590.0,107000.0,106700.0,104975.0,102200.0,97106.66666666667,95291.11111111111,92023.33333333333,102775.83333333333
2015-11-24,108600.0,105500.0,107000.0,107000.0,109603.0,107000.0,106860.0,105975.0,103700.0,97740.0,95826.66666666667,92338.33333333333,102888.33333333333
2015-11-25,107800.0,103600.0,107000.0,104900.0,145799.0,104900.0,107040.0,106550.0,105170.0,98306.66666666667,96148.88888888889,92601.66666666667,102995.0
2015-11-26,111500.0,103600.0,104600.0,111300.0,213698.0,111300.0,107840.0,107087.5,106400.0,99106.66666666667,96600.0,93000.0,103125.0
2015-11-27,112500.0,109000.0,111900.0,109000.0,180589.0,109000.0,107840.0,107437.5,107270.0,99766.66666666667,96955.55555555556,93385.0,103178.33333333333
2015-11-30,108700.0,103700.0,108000.0,106400.0,136031.0,106400.0,107720.0,107737.5,107210.0,100356.66666666667,97155.55555555556,93691.66666666667,103229.16666666667
2015-12-01,109800.0,104800.0,107000.0,107000.0,159831.0,107000.0,107720.0,107700.0,107290.0,100750.0,97382.22222222222,94055.0,103204.16666666667
2015-12-02,107900.0,105200.0,106800.0,106500.0,104105.0,106500.0,108040.0,107387.5,107540.0,101220.0,97637.77777777778,94576.66666666667,103183.33333333333
2015-12-03,110900.0,104800.0,105700.0,110400.0,171293.0,110400.0,107860.0,107812.5,107850.0,101750.0,98097.77777777778,95158.33333333333,103171.66666666667
2015-12-04,110000.0,107500.0,108400.0,108000.0,97751.0,108000.0,107660.0,107937.5,107750.0,102080.0,98486.66666666667,95735.0,103005.0
2015-12-07,109400.0,105000.0,109300.0,105000.0,101435.0,105000.0,107380.0,107950.0,107550.0,102200.0,98793.33333333333,96156.66666666667,102832.5
2015-12-08,105500.0,100700.0,104500.0,100900.0,148733.0,100900.0,106160.0,106650.0,106940.0,102346.66666666667,98913.33333333333,96488.33333333333,102615.83333333333
2015-12-09,101500.0,97000.0,100900.0,97700.0,213179.0,97700.0,104400.0,105237.5,106220.0,102300.0,99004.44444444444,96768.33333333333,102378.33333333333
2015-12-10,98900.0,94400.0,97700.0,95900.0,111112.0,95900.0,101500.0,103925.0,104680.0,102230.0,99148.88888888889,97046.66666666667,102110.0
2015-12-11,96500.0,89400.0,95900.0,90400.0,213504.0,90400.0,97980.0,101850.0,102820.0,102000.0,99175.55555555556,97211.66666666667,101879.16666666667
2015-12-14,92000.0,87000.0,87400.0,87400.0,150122.0,87400.0,94460.0,99462.5,100920.0,101786.66666666667,99133.33333333333,97265.0,101638.33333333333
2015-12-15,92100.0,87700.0,87700.0,91000.0,156719.0,91000.0,92480.0,97037.5,99320.0,101706.66666666667,99200.0,97400.0,101371.66666666667
2015-12-16,93000.0,91000.0,92500.0,91700.0,94494.0,91700.0,91280.0,95000.0,97840.0,101540.0,99284.44444444444,97421.66666666667,101135.83333333333
2015-12-17,93500.0,91100.0,92500.0,92200.0,94086.0,92200.0,90540.0,93400.0,96020.0,101363.33333333333,99393.33333333333,97441.66666666667,100948.33333333333
2015-12-18,93700.0,91300.0,91600.0,93500.0,75286.0,93500.0,91160.0,92475.0,94570.0,101046.66666666667,99488.88888888889,97450.0,100752.5
2015-12-21,94000.0,92500.0,92700.0,92500.0,50360.0,92500.0,92180.0,91825.0,93320.0,101023.33333333333,99573.33333333333,97368.33333333333,100515.0
2015-12-22,93000.0,89900.0,92800.0,91200.0,74641.0,91200.0,92220.0,91237.5,92350.0,100996.66666666667,99484.44444444444,97275.0,100250.83333333333
2015-12-23,91800.0,87900.0,91300.0,88400.0,119560.0,88400.0,91560.0,90987.5,91420.0,100936.66666666667,99395.55555555556,97165.0,99876.66666666667
2015-12-24,89200.0,85300.0,89100.0,86500.0,183768.0,86500.0,90420.0,90875.0,90480.0,100520.0,99217.77777777778,97111.66666666667,99210.83333333333
2015-12-28,87500.0,85500.0,86100.0,85600.0,108730.0,85600.0,88840.0,90200.0,90000.0,100030.0,98940.0,97030.0,98845.0
2015-12-29,94100.0,86600.0,86600.0,94000.0,194182.0,94000.0,89140.0,90487.5,90660.0,99596.66666666667,98775.55555555556,97076.66666666667,98607.5
2015-12-30,98400.0,92800.0,94500.0,96800.0,141930.0,96800.0,90260.0,91062.5,91240.0,99283.33333333333,98782.22222222222,97098.33333333333,98343.33333333333
2016-01-04,99700.0,95700.0,96800.0,95800.0,126923.0,95800.0,91740.0,91350.0,91650.0,99010.0,98708.88888888889,97135.0,98021.66666666667
2016-01-05,99100.0,93900.0,94300.0,98200.0,128571.0,98200.0,94080.0,92062.5,92250.0,98706.66666666667,98713.33333333333,97281.66666666667,97724.16666666667
2016-01-06,102000.0,98100.0,98300.0,100900.0,181849.0,100900.0,97140.0,93275.0,92990.0,98436.66666666667,98793.33333333333,97476.66666666667,97444.16666666667
2016-01-07,102100.0,96400.0,100100.0,98000.0,126328.0,98000.0,97940.0,94475.0,93540.0,98136.66666666667,98886.66666666667,97621.66666666667,97110.83333333333
2016-01-08,100500.0,94700.0,95000.0,99400.0,125107.0,99400.0,98460.0,96087.5,94360.0,97883.33333333333,99020.0,97811.66666666667,96847.5
2016-01-11,102300.0,96500.0,99000.0,96500.0,133612.0,96500.0,98600.0,97450.0,95170.0,97603.33333333333,99015.55555555556,97955.0,96595.83333333333
2016-01-12,97900.0,95500.0,97500.0,95500.0,69820.0,95500.0,98060.0,97637.5,96070.0,97076.66666666667,98971.11111111111,98091.66666666667,96280.0
2016-01-13,101200.0,96200.0,96800.0,100600.0,165438.0,100600.0,98000.0,98112.5,97570.0,96796.66666666667,98917.77777777778,98281.66666666667,96047.5
2016-01-14,99600.0,97300.0,98400.0,97500.0,99553.0,97500.0,97900.0,98325.0,97920.0,96500.0,99013.33333333333,98428.33333333333,95843.33333333333
2016-01-15,102400.0,97100.0,98800.0,97500.0,154701.0,97500.0,97520.0,98237.5,97990.0,96183.33333333333,99135.55555555556,98466.66666666667,95588.33333333333
2016-01-18,100600.0,94900.0,96500.0,100300.0,91999.0,100300.0,98280.0,98162.5,98440.0,95976.66666666667,99360.0,98598.33333333333,95348.33333333333
2016-01-19,106600.0,99600.0,101000.0,102600.0,261452.0,102600.0,99700.0,98737.5,98880.0,95716.66666666667,99440.0,98733.33333333333,95224.16666666667
2016-01-20,105200.0,99400.0,103100.0,100500.0,167925.0,100500.0,99680.0,98875.0,98840.0,95466.66666666667,99444.44444444444,98773.33333333333,95095.0
2016-01-21,102400.0,99100.0,101600.0,99100.0,120980.0,99100.0,100000.0,99200.0,98950.0,95270.0,99268.88888888889,98735.0,95050.0
2016-01-22,100100.0,95600.0,99800.0,98600.0,136500.0,98600.0,100220.0,99587.5,98870.0,95193.33333333333,99100.0,98770.0,95013.33333333333
2016-01-25,101600.0,98700.0,99000.0,99200.0,103462.0,99200.0,100000.0,99412.5,99140.0,95243.33333333333,98993.33333333333,98771.66666666667,94925.83333333333
2016-01-26,100100.0,98100.0,98500.0,98100.0,61701.0,98100.0,99100.0,99487.5,99400.0,95316.66666666667,98788.88888888889,98773.33333333333,94901.66666666667
2016-01-27,100900.0,95300.0,99300.0,96200.0,165531.0,96200.0,98240.0,99325.0,98960.0,95510.0,98504.44444444444,98755.0,94799.16666666667
2016-01-28,97100.0,93700.0,95600.0,95400.0,89753.0,95400.0,97500.0,98712.5,98750.0,95776.66666666667,98246.66666666667,98781.66666666667,94692.5
2016-01-29,95300.0,92300.0,94300.0,93700.0,102924.0,93700.0,96520.0,97600.0,98370.0,95866.66666666667,97951.11111111111,98786.66666666667,94580.83333333333
2016-02-01,96800.0,93900.0,93900.0,95200.0,67009.0,95200.0,95720.0,96937.5,97860.0,95983.33333333333,97735.55555555556,98761.66666666667,94487.5
2016-02-02,96900.0,94500.0,95000.0,95500.0,55115.0,95500.0,95200.0,96487.5,97150.0,96093.33333333333,97384.44444444444,98728.33333333333,94387.5
2016-02-03,98000.0,93800.0,95000.0,96300.0,73476.0,96300.0,95220.0,96200.0,96730.0,96186.66666666667,97102.22222222222,98616.66666666667,94335.83333333333
2016-02-04,96500.0,93500.0,96300.0,93500.0,137227.0,93500.0,94840.0,95487.5,96170.0,96220.0,96815.55555555556,98621.66666666667,94281.66666666667
2016-02-05,93800.0,90000.0,93500.0,90600.0,136648.0,90600.0,94220.0,94550.0,95370.0,96200.0,96451.11111111111,98598.33333333333,94203.33333333333
2016-02-11,89000.0,86100.0,87200.0,86100.0,115911.0,86100.0,92400.0,93287.5,94060.0,96123.33333333333,95997.77777777778,98530.0,94087.5
2016-02-12,85200.0,77300.0,85000.0,78200.0,241867.0,78200.0,88940.0,91137.5,92070.0,95846.66666666667,95282.22222222222,98183.33333333333,93922.5
2016-02-15,81000.0,78200.0,78500.0,80200.0,99729.0,80200.0,85720.0,89450.0,90470.0,95666.66666666667,94664.44444444444,97848.33333333333,93845.0
2016-02-16,83300.0,80800.0,81000.0,82600.0,86501.0,82600.0,83540.0,87875.0,89190.0,95286.66666666667,94166.66666666667,97441.66666666667,93799.16666666667
2016-02-17,83300.0,78500.0,83000.0,79900.0,110098.0,79900.0,81400.0,85925.0,87810.0,94723.33333333333,93700.0,97003.33333333333,93740.83333333333
2016-02-18,82600.0,79700.0,82000.0,80500.0,93497.0,80500.0,80280.0,83950.0,86340.0,94213.33333333333,93317.77777777778,96611.66666666667,93736.66666666667
2016-02-19,81100.0,79600.0,80600.0,80600.0,61583.0,80600.0,80760.0,82337.5,84850.0,93626.66666666667,92977.77777777778,96166.66666666667,93747.5
2016-02-22,82700.0,80400.0,80700.0,81400.0,56413.0,81400.0,81000.0,81187.5,83360.0,92976.66666666667,92777.77777777778,95706.66666666667,93709.16666666667
2016-02-23,82300.0,79700.0,82100.0,80000.0,60679.0,80000.0,80480.0,80425.0,82010.0,92376.66666666667,92613.33333333333,95256.66666666667,93640.0
2016-02-24,82600.0,79100.0,79200.0,79800.0,90104.0,79800.0,80460.0,80625.0,80930.0,91723.33333333333,92364.44444444444,94803.33333333333,93570.83333333333
2016-02-25,81300.0,79900.0,81200.0,80600.0,61064.0,80600.0,80480.0,80675.0,80380.0,91193.33333333333,92117.77777777778,94398.33333333333,93500.0
2016-02-26,81000.0,79100.0,80600.0,79600.0,70104.0,79600.0,80280.0,80300.0,80520.0,90663.33333333333,91837.77777777778,93870.0,93435.0
2016-02-29,80900.0,79500.0,80000.0,80900.0,43213.0,80900.0,80180.0,80425.0,80590.0,90006.66666666667,91557.77777777778,93401.66666666667,93393.33333333333
2016-03-02,85500.0,82100.0,82400.0,84900.0,261085.0,84900.0,81160.0,80975.0,80820.0,89586.66666666667,91388.88888888889,93043.33333333333,93367.5
2016-03-03,86400.0,83400.0,86000.0,86200.0,105943.0,86200.0,82440.0,81675.0,81450.0,89210.0,91277.77777777778,92696.66666666667,93375.83333333333
2016-03-04,87600.0,85000.0,86000.0,87600.0,81266.0,87600.0,83840.0,82450.0,82160.0,88786.66666666667,91260.0,92381.66666666667,93479.16666666667
2016-03-07,87800.0,85300.0,87600.0,85900.0,79392.0,85900.0,85100.0,83187.5,82690.0,88230.0,91246.66666666667,91973.33333333333,93565.83333333333
2016-03-08,86700.0,84200.0,86500.0,85900.0,58004.0,85900.0,86100.0,83950.0,83140.0,87743.33333333333,91253.33333333333,91605.0,93670.0
2016-03-09,94900.0,85200.0,85300.0,93700.0,341566.0,93700.0,87860.0,85587.5,84510.0,87563.33333333333,91246.66666666667,91416.66666666667,93786.66666666667
2016-03-10,97800.0,93400.0,96000.0,95900.0,269259.0,95900.0,89800.0,87625.0,86120.0,87473.33333333333,91226.66666666667,91333.33333333333,93910.83333333333
2016-03-11,96600.0,94000.0,95900.0,95700.0,90096.0,95700.0,91420.0,89475.0,87630.0,87356.66666666667,91224.44444444444,91300.0,94034.16666666667
2016-03-14,99900.0,95500.0,98000.0,98400.0,196644.0,98400.0,93920.0,91162.5,89510.0,87366.66666666667,91228.88888888889,91341.66666666667,94194.16666666667
2016-03-15,98800.0,95800.0,98600.0,96000.0,109141.0,96000.0,95940.0,92387.5,91020.0,87360.0,91120.0,91435.0,94323.33333333333
2016-03-16,97300.0,92900.0,96400.0,94000.0,114843.0,94000.0,96000.0,93187.5,91930.0,87313.33333333333,91031.11111111111,91545.0,94405.0
2016-03-17,96000.0,93300.0,95000.0,93800.0,115882.0,93800.0,95580.0,94175.0,92690.0,87316.66666666667,90906.66666666667,91591.66666666667,94495.83333333333
2016-03-18,97300.0,93700.0,94900.0,94600.0,158202.0,94600.0,95360.0,95262.5,93390.0,87296.66666666667,90864.44444444444,91640.0,94530.83333333333
2016-03-21,95100.0,90900.0,94600.0,91200.0,111216.0,91200.0,93920.0,94950.0,93920.0,87153.33333333333,90768.88888888889,91623.33333333333,94532.5
2016-03-22,93000.0,90000.0,91900.0,93000.0,70275.0,93000.0,93320.0,94587.5,94630.0,87043.33333333333,90600.0,91615.0,94532.5
2016-03-23,93200.0,90100.0,93200.0,90600.0,75880.0,90600.0,92640.0,93950.0,94320.0,86946.66666666667,90446.66666666667,91583.33333333333,94475.83333333333
2016-03-24,91300.0,87300.0,89800.0,87700.0,134527.0,87700.0,91420.0,92612.5,93500.0,86850.0,90228.88888888889,91525.0,94400.0
2016-03-25,88800.0,87000.0,87000.0,87200.0,59823.0,87200.0,89940.0,91512.5,92650.0,86886.66666666667,89937.77777777778,91505.0,94335.0
2016-03-28,87900.0,83000.0,87600.0,84500.0,123861.0,84500.0,88600.0,90325.0,91260.0,87096.66666666667,89535.55555555556,91471.66666666667,94291.66666666667
2016-03-29,86800.0,84400.0,84500.0,85500.0,94389.0,85500.0,87100.0,89287.5,90210.0,87273.33333333333,89202.22222222222,91470.0,94250.0
2016-03-30,86300.0,84000.0,86200.0,84400.0,88446.0,84400.0,85860.0,88012.5,89250.0,87333.33333333333,88875.55555555556,91310.0,94193.33333333333
2016-03-31,85300.0,83000.0,84500.0,83300.0,94531.0,83300.0,84980.0,87025.0,88200.0,87446.66666666667,88535.55555555556,91085.0,94091.66666666667
2016-04-01,87900.0,83700.0,84000.0,86300.0,153709.0,86300.0,84800.0,86187.5,87370.0,87640.0,88248.88888888889,90926.66666666667,94030.83333333333
2016-04-04,89200.0,85700.0,86900.0,89200.0,124737.0,89200.0,85740.0,86012.5,87170.0,87926.66666666667,88051.11111111111,90776.66666666667,94029.16666666667
2016-04-05,90100.0,87400.0,89600.0,88900.0,107580.0,88900.0,86420.0,86162.5,86760.0,88176.66666666667,87888.88888888889,90576.66666666667,94026.66666666667
2016-04-06,89700.0,87300.0,88000.0,88300.0,113723.0,88300.0,87200.0,86300.0,86530.0,88453.33333333333,87731.11111111111,90415.0,94018.33333333333
2016-04-07,88900.0,86600.0,88800.0,88300.0,80866.0,88300.0,88200.0,86775.0,86590.0,88736.66666666667,87611.11111111111,90230.0,94020.83333333333
2016-04-08,89300.0,87300.0,87900.0,88900.0,64670.0,88900.0,88720.0,87200.0,86760.0,89013.33333333333,87471.11111111111,90103.33333333333,94029.16666666667
2016-04-11,89500.0,85400.0,89500.0,85600.0,92742.0,85600.0,88000.0,87350.0,86870.0,89213.33333333333,87251.11111111111,89938.33333333333,94015.0
2016-04-12,86300.0,83200.0,85200.0,84100.0,112226.0,84100.0,87040.0,87450.0,86730.0,89320.0,86980.0,89663.33333333333,93972.5
2016-04-14,85500.0,83500.0,84100.0,85500.0,83258.0,85500.0,86480.0,87350.0,86840.0,89340.0,86802.22222222222,89463.33333333333,93945.83333333333
2016-04-15,89000.0,85200.0,85700.0,86900.0,121869.0,86900.0,86200.0,87062.5,87200.0,89363.33333333333,86720.0,89286.66666666667,93876.66666666667
2016-04-18,86900.0,84200.0,86900.0,85600.0,64509.0,85600.0,85540.0,86650.0,87130.0,89296.66666666667,86708.88888888889,89041.66666666667,93820.0
2016-04-19,86100.0,84500.0,85200.0,85100.0,88787.0,85100.0,85440.0,86250.0,86720.0,89270.0,86862.22222222222,88750.0,93741.66666666667
2016-04-20,87400.0,84000.0,85200.0,85500.0,97304.0,85500.0,85720.0,85900.0,86380.0,89256.66666666667,86980.0,88500.0,93636.66666666667
2016-04-21,86000.0,83500.0,85500.0,84500.0,118472.0,84500.0,85520.0,85350.0,86000.0,88950.0,87022.22222222222,88256.66666666667,93495.83333333333
2016-04-22,86000.0,83600.0,84500.0,84200.0,97883.0,84200.0,84980.0,85175.0,85590.0,88560.0,87117.77777777778,88016.66666666667,93393.33333333333
2016-04-25,87500.0,84000.0,84200.0,87500.0,159425.0,87500.0,85360.0,85600.0,85450.0,88286.66666666667,87273.33333333333,87821.66666666667,93296.66666666667
2016-04-26,88500.0,85700.0,87500.0,86200.0,123724.0,86200.0,85580.0,85687.5,85510.0,87880.0,87397.77777777778,87623.33333333333,93198.33333333333
2016-04-27,87700.0,84400.0,86200.0,85000.0,109007.0,85000.0,85480.0,85450.0,85600.0,87513.33333333333,87477.77777777778,87436.66666666667,93095.83333333333
2016-04-28,85500.0,83600.0,85000.0,84900.0,66601.0,84900.0,85560.0,85362.5,85540.0,87210.0,87586.66666666667,87261.66666666667,93021.66666666667
2016-04-29,85200.0,83800.0,83800.0,85200.0,48669.0,85200.0,85760.0,85375.0,85370.0,86923.33333333333,87706.66666666667,87120.0,92953.33333333333
2016-05-02,85400.0,83200.0,84700.0,83200.0,75241.0,83200.0,84900.0,85087.5,85130.0,86543.33333333333,87764.44444444444,86920.0,92840.83333333333
2016-05-03,83300.0,79300.0,82500.0,82000.0,213968.0,82000.0,84060.0,84775.0,84820.0,86236.66666666667,87817.77777777778,86695.0,92711.66666666667
2016-05-04,82300.0,80200.0,82200.0,81900.0,50673.0,81900.0,83440.0,84487.5,84460.0,85866.66666666667,87840.0,86455.0,92535.83333333333
2016-05-09,82100.0,80500.0,81600.0,80600.0,45701.0,80600.0,82580.0,83625.0,84070.0,85533.33333333333,87744.44444444444,86240.0,92430.83333333333
2016-05-10,84100.0,80600.0,80600.0,83700.0,87880.0,83700.0,82280.0,83312.5,84020.0,85400.0,87688.88888888889,86125.0,92361.66666666667
2016-05-11,84300.0,82800.0,84000.0,83700.0,45193.0,83700.0,82380.0,83150.0,83640.0,85283.33333333333,87602.22222222222,86085.0,92307.5
2016-05-12,85400.0,82500.0,83000.0,84500.0,67102.0,84500.0,82880.0,83100.0,83470.0,85283.33333333333,87571.11111111111,86190.0,92186.66666666667
2016-05-13,86100.0,84000.0,84000.0,85100.0,60733.0,85100.0,83520.0,83087.5,83480.0,85270.0,87553.33333333333,86271.66666666667,92060.0
2016-05-16,86300.0,84600.0,85600.0,84600.0,70132.0,84600.0,84320.0,83262.5,83450.0,85276.66666666667,87351.11111111111,86305.0,91873.33333333333
2016-05-17,86000.0,82900.0,85400.0,83200.0,62328.0,83200.0,84220.0,83412.5,83250.0,85273.33333333333,87068.88888888889,86360.0,91681.66666666667
2016-05-18,83600.0,80500.0,82300.0,82900.0,129083.0,82900.0,84060.0,83537.5,83220.0,85160.0,86784.44444444444,86400.0,91505.83333333333
2016-05-19,88300.0,82500.0,86500.0,83100.0,310009.0,83100.0,83780.0,83850.0,83330.0,84956.66666666667,86444.44444444444,86441.66666666667,91304.16666666667
2016-05-20,87100.0,81200.0,82500.0,86000.0,163271.0,86000.0,83960.0,84137.5,83740.0,84860.0,86222.22222222222,86518.33333333333,91112.5
2016-05-23,92100.0,86400.0,86500.0,88500.0,331512.0,88500.0,84740.0,84737.5,84530.0,84866.66666666667,86100.0,86660.0,90958.33333333333
2016-05-24,89500.0,86900.0,89500.0,87400.0,104394.0,87400.0,85580.0,85100.0,84900.0,84836.66666666667,85957.77777777778,86786.66666666667,90795.0
2016-05-25,88500.0,84700.0,88100.0,85300.0,119823.0,85300.0,86060.0,85125.0,85060.0,84716.66666666667,85751.11111111111,86865.0,90631.66666666667
2016-05-26,86000.0,84100.0,85500.0,85000.0,59864.0,85000.0,86440.0,85175.0,85110.0,84696.66666666667,85613.33333333333,86955.0,90412.5
2016-05-27,86200.0,84300.0,84700.0,85600.0,57291.0,85600.0,86360.0,85475.0,85160.0,84746.66666666667,85448.88888888889,87033.33333333333,90217.5
2016-05-30,85600.0,83500.0,85600.0,85100.0,63863.0,85100.0,85680.0,85750.0,85210.0,84733.33333333333,85326.66666666667,87036.66666666667,90040.0
2016-05-31,86000.0,83900.0,84500.0,85700.0,74078.0,85700.0,85340.0,86075.0,85460.0,84693.33333333333,85282.22222222222,87028.33333333333,89862.5
2016-06-01,87800.0,85200.0,85700.0,87100.0,74022.0,87100.0,85700.0,86212.5,85880.0,84743.33333333333,85280.0,87020.0,89700.83333333333
2016-06-02,87700.0,86400.0,86500.0,87200.0,53795.0,87200.0,86140.0,86050.0,86290.0,84813.33333333333,85340.0,87041.66666666667,89507.5
2016-06-03,89600.0,87000.0,87800.0,88800.0,167990.0,88800.0,86780.0,86225.0,86570.0,84923.33333333333,85413.33333333333,87090.0,89347.5
2016-06-07,90100.0,88200.0,88900.0,88800.0,97413.0,88800.0,87520.0,86662.5,86600.0,85066.66666666667,85511.11111111111,87008.33333333333,89212.5
2016-06-08,96500.0,88200.0,88600.0,93500.0,503615.0,93500.0,89080.0,87725.0,87210.0,85376.66666666667,85737.77777777778,86968.33333333333,89150.83333333333
2016-06-09,95600.0,91000.0,94700.0,93000.0,197909.0,93000.0,90260.0,88650.0,87980.0,85560.0,85886.66666666667,86923.33333333333,89111.66666666667
2016-06-10,94600.0,92000.0,93000.0,93700.0,105756.0,93700.0,91560.0,89725.0,88850.0,85810.0,85986.66666666667,86845.0,89093.33333333333
2016-06-13,93300.0,90600.0,93200.0,90600.0,94908.0,90600.0,91920.0,90337.5,89350.0,85996.66666666667,86024.44444444444,86755.0,89095.0
2016-06-14,94700.0,89300.0,89900.0,94400.0,174143.0,94400.0,93040.0,91250.0,90280.0,86313.33333333333,86160.0,86761.66666666667,89153.33333333333
2016-06-15,97100.0,93500.0,95200.0,93500.0,198894.0,93500.0,93040.0,92037.5,91060.0,86590.0,86275.55555555556,86756.66666666667,89174.16666666667
2016-06-16,94900.0,88400.0,93900.0,89500.0,148690.0,89500.0,92340.0,92125.0,91300.0,86800.0,86288.88888888889,86671.66666666667,89155.83333333333
2016-06-17,91000.0,87200.0,90700.0,87300.0,81369.0,87300.0,91060.0,91937.5,91310.0,86976.66666666667,86326.66666666667,86606.66666666667,89115.0
2016-06-20,88900.0,87200.0,88100.0,88300.0,58703.0,88300.0,90600.0,91287.5,91260.0,87190.0,86420.0,86528.33333333333,89071.66666666667
2016-06-21,91600.0,87700.0,89000.0,91400.0,97476.0,91400.0,90000.0,91087.5,91520.0,87550.0,86551.11111111111,86541.66666666667,89062.5
2016-06-22,92400.0,89500.0,91100.0,89500.0,60738.0,89500.0,89200.0,90562.5,91120.0,87743.33333333333,86608.88888888889,86571.66666666667,89048.33333333333
2016-06-23,89400.0,87400.0,89000.0,89400.0,72875.0,89400.0,89180.0,90412.5,90760.0,87933.33333333333,86693.33333333333,86608.33333333333,89056.66666666667
2016-06-24,90300.0,81600.0,90300.0,83000.0,251522.0,83000.0,88320.0,88987.5,89690.0,87883.33333333333,86646.66666666667,86583.33333333333,89027.5
2016-06-27,83800.0,80000.0,80000.0,82600.0,117847.0,82600.0,87180.0,87625.0,88890.0,87800.0,86582.22222222222,86535.0,89002.5
2016-06-28,84700.0,81000.0,81200.0,84100.0,90089.0,84100.0,85720.0,86950.0,87860.0,87783.33333333333,86573.33333333333,86530.0,88920.0
2016-06-29,87400.0,84500.0,85400.0,86500.0,145528.0,86500.0,85120.0,86850.0,87160.0,87893.33333333333,86624.44444444444,86583.33333333333,88834.16666666667
2016-06-30,90600.0,86500.0,87700.0,87800.0,197864.0,87800.0,84800.0,86787.5,86990.0,88056.66666666667,86631.11111111111,86608.33333333333,88767.5
2016-07-01,89300.0,87800.0,88400.0,87800.0,62962.0,87800.0,85760.0,86337.5,87040.0,88213.33333333333,86666.66666666667,86585.0,88680.83333333333
2016-07-04,90300.0,87600.0,88100.0,88600.0,63826.0,88600.0,86960.0,86225.0,87070.0,88300.0,86746.66666666667,86580.0,88578.33333333333
2016-07-05,89200.0,87000.0,88500.0,87600.0,47805.0,87600.0,87660.0,86000.0,86690.0,88270.0,86806.66666666667,86568.33333333333,88491.66666666667
2016-07-06,88100.0,84500.0,87600.0,84600.0,88904.0,84600.0,87280.0,86200.0,86200.0,88176.66666666667,86793.33333333333,86506.66666666667,88368.33333333333
2016-07-07,86400.0,85300.0,85400.0,86200.0,51355.0,86200.0,86960.0,86650.0,85880.0,88206.66666666667,86860.0,86461.66666666667,88282.5
2016-07-08,88000.0,85400.0,86300.0,86300.0,55194.0,86300.0,86660.0,86925.0,86210.0,88250.0,86955.55555555556,86473.33333333333,88205.83333333333
2016-07-11,89200.0,86500.0,86800.0,88300.0,96809.0,88300.0,86600.0,87150.0,86780.0,88340.0,87097.77777777778,86543.33333333333,88103.33333333333
2016-07-12,91200.0,88000.0,89200.0,88200.0,138619.0,88200.0,86720.0,87200.0,87190.0,88443.33333333333,87266.66666666667,86588.33333333333,88025.83333333333
2016-07-13,89300.0,87400.0,88600.0,87600.0,73128.0,87600.0,87320.0,87175.0,87300.0,88506.66666666667,87353.33333333333,86600.0,87943.33333333333
2016-07-14,89000.0,86900.0,87900.0,88000.0,54029.0,88000.0,87680.0,87100.0,87320.0,88536.66666666667,87448.88888888889,86640.0,87840.83333333333
2016-07-15,88500.0,85600.0,88100.0,86100.0,84558.0,86100.0,87640.0,86912.5,87150.0,88500.0,87484.44444444444,86656.66666666667,87703.33333333333
2016-07-18,86700.0,84500.0,86400.0,86700.0,73864.0,86700.0,87320.0,87175.0,86960.0,88430.0,87520.0,86676.66666666667,87588.33333333333
2016-07-19,86600.0,85100.0,86600.0,86300.0,44636.0,86300.0,86940.0,87187.5,86830.0,88346.66666666667,87557.77777777778,86706.66666666667,87481.66666666667
2016-07-20,86700.0,85700.0,85900.0,85700.0,36518.0,85700.0,86560.0,87112.5,86940.0,88086.66666666667,87613.33333333333,86731.66666666667,87374.16666666667
2016-07-21,86500.0,84400.0,86400.0,84400.0,53960.0,84400.0,85840.0,86625.0,86760.0,87800.0,87646.66666666667,86680.0,87250.83333333333
2016-07-22,85300.0,84100.0,84400.0,84300.0,36636.0,84300.0,85480.0,86137.5,86560.0,87486.66666666667,87673.33333333333,86648.33333333333,87135.83333333333
2016-07-25,84900.0,82800.0,84700.0,83000.0,54538.0,83000.0,84740.0,85562.5,86030.0,87233.33333333333,87606.66666666667,86615.0,87025.83333333333
2016-07-26,84400.0,82900.0,83000.0,84100.0,27208.0,84100.0,84300.0,85075.0,85620.0,86890.0,87508.88888888889,86601.66666666667,86931.66666666667
2016-07-27,84600.0,83300.0,84100.0,83300.0,39882.0,83300.0,83820.0,84725.0,85190.0,86550.0,87417.77777777778,86570.0,86845.0
2016-07-28,84900.0,83300.0,84000.0,83900.0,41498.0,83900.0,83720.0,84375.0,84780.0,86363.33333333333,87386.66666666667,86581.66666666667,86750.83333333333
2016-07-29,85600.0,83600.0,84100.0,84300.0,61028.0,84300.0,83720.0,84125.0,84600.0,86263.33333333333,87371.11111111111,86620.0,86657.5
2016-08-01,84700.0,82500.0,84700.0,82700.0,62447.0,82700.0,83660.0,83750.0,84200.0,86076.66666666667,87306.66666666667,86633.33333333333,86544.16666666667
2016-08-02,83400.0,82700.0,82700.0,82700.0,24287.0,82700.0,83380.0,83537.5,83840.0,85786.66666666667,87253.33333333333,86668.33333333333,86454.16666666667
2016-08-03,83300.0,81300.0,83000.0,81400.0,47643.0,81400.0,83000.0,83175.0,83410.0,85516.66666666667,87157.77777777778,86630.0,86377.5
2016-08-04,82700.0,80900.0,81100.0,81300.0,53045.0,81300.0,82480.0,82962.5,83100.0,85246.66666666667,87028.88888888889,86590.0,86337.5
2016-08-05,81900.0,80600.0,81900.0,80700.0,37601.0,80700.0,81760.0,82537.5,82740.0,85170.0,86884.44444444444,86526.66666666667,86358.33333333333
2016-08-08,81100.0,78800.0,80200.0,80800.0,78627.0,80800.0,81380.0,82225.0,82520.0,85110.0,86706.66666666667,86455.0,86363.33333333333
2016-08-09,83200.0,80800.0,80900.0,82300.0,55288.0,82300.0,81300.0,82025.0,82340.0,85050.0,86562.22222222222,86416.66666666667,86360.83333333333
2016-08-10,83900.0,82400.0,82400.0,83500.0,63502.0,83500.0,81720.0,81925.0,82360.0,84950.0,86340.0,86421.66666666667,86390.83333333333
2016-08-11,84100.0,82600.0,83800.0,83800.0,32737.0,83800.0,82220.0,82062.5,82350.0,84816.66666666667,86135.55555555556,86436.66666666667,86418.33333333333
2016-08-12,84100.0,82100.0,83800.0,82200.0,37029.0,82200.0,82520.0,82000.0,82140.0,84630.0,85880.0,86421.66666666667,86431.66666666667
2016-08-16,83400.0,82000.0,82300.0,82000.0,28800.0,82000.0,82760.0,82075.0,82070.0,84410.0,85688.88888888889,86355.0,86436.66666666667
2016-08-17,83000.0,81000.0,81700.0,81500.0,29341.0,81500.0,82600.0,82100.0,81950.0,84206.66666666667,85402.22222222222,86238.33333333333,86449.16666666667
2016-08-18,82000.0,80800.0,81400.0,81200.0,28523.0,81200.0,82140.0,82162.5,81930.0,84093.33333333333,85128.88888888889,86135.0,86460.83333333333
2016-08-19,81700.0,80200.0,81600.0,80400.0,35735.0,80400.0,81460.0,82112.5,81840.0,83900.0,84926.66666666667,86053.33333333333,86459.16666666667
2016-08-22,81000.0,79500.0,80600.0,80400.0,40646.0,80400.0,81100.0,81875.0,81810.0,83703.33333333333,84773.33333333333,85976.66666666667,86465.83333333333
2016-08-23,81000.0,79600.0,80200.0,79600.0,61855.0,79600.0,80620.0,81387.5,81690.0,83413.33333333333,84580.0,85876.66666666667,86455.0
2016-08-24,80400.0,79000.0,80300.0,79300.0,36078.0,79300.0,80180.0,80825.0,81390.0,83116.66666666667,84311.11111111111,85780.0,86408.33333333333
2016-08-25,79200.0,75400.0,78500.0,76000.0,167346.0,76000.0,79140.0,80050.0,80640.0,82730.0,84011.11111111111,85618.33333333333,86323.33333333333
2016-08-26,76500.0,74200.0,76000.0,74600.0,68597.0,74600.0,77980.0,79125.0,79720.0,82283.33333333333,83682.22222222222,85410.0,86215.0
2016-08-29,74400.0,71300.0,74000.0,71300.0,109898.0,71300.0,76160.0,77850.0,78630.0,81790.0,83422.22222222222,85145.0,86093.33333333333
2016-08-30,73200.0,71000.0,71000.0,73000.0,52669.0,73000.0,74840.0,76825.0,77730.0,81333.33333333333,83208.88888888889,84881.66666666667,85985.83333333333
2016-08-31,74300.0,71500.0,73000.0,73900.0,55582.0,73900.0,73760.0,76012.5,76970.0,80920.0,82982.22222222222,84633.33333333333,85820.83333333333
2016-09-01,74400.0,73000.0,73800.0,73900.0,26169.0,73900.0,73340.0,75200.0,76240.0,80526.66666666667,82702.22222222222,84306.66666666667,85637.5
2016-09-02,74400.0,73600.0,74400.0,73900.0,17273.0,73900.0,73200.0,74487.5,75590.0,80176.66666666667,82393.33333333333,83988.33333333333,85455.83333333333
2016-09-05,75900.0,73900.0,73900.0,75400.0,41026.0,75400.0,74020.0,74000.0,75090.0,79880.0,82117.77777777778,83683.33333333333,85264.16666666667
2016-09-06,75900.0,74000.0,75400.0,74100.0,25538.0,74100.0,74240.0,73762.5,74540.0,79583.33333333333,81795.55555555556,83408.33333333333,85081.66666666667
2016-09-07,74400.0,72400.0,74300.0,73100.0,41368.0,73100.0,74080.0,73575.0,73920.0,79216.66666666667,81473.33333333333,83053.33333333333,84907.5
2016-09-08,73100.0,71500.0,73000.0,72700.0,47346.0,72700.0,73840.0,73750.0,73590.0,78863.33333333333,81208.88888888889,82706.66666666667,84731.66666666667
2016-09-09,73700.0,71600.0,73000.0,72100.0,33088.0,72100.0,73480.0,73637.5,73340.0,78470.0,80895.55555555556,82416.66666666667,84544.16666666667
2016-09-12,72100.0,69300.0,70600.0,69500.0,68443.0,69500.0,72300.0,73087.5,73160.0,77976.66666666667,80522.22222222222,82120.0,84363.33333333333
2016-09-13,71500.0,69400.0,70000.0,70800.0,49931.0,70800.0,71640.0,72700.0,72940.0,77580.0,80133.33333333333,81828.33333333333,84178.33333333333
2016-09-19,72800.0,70800.0,70900.0,71900.0,30483.0,71900.0,71400.0,72450.0,72740.0,77220.0,79771.11111111111,81503.33333333333,84022.5
2016-09-20,72500.0,71200.0,71200.0,71900.0,36003.0,71900.0,71240.0,72012.5,72540.0,76903.33333333333,79422.22222222222,81210.0,83890.83333333333
2016-09-21,72600.0,71600.0,71900.0,71900.0,31412.0,71900.0,71200.0,71737.5,72340.0,76590.0,79064.44444444444,80918.33333333333,83763.33333333333
2016-09-22,77600.0,72700.0,73000.0,75000.0,132713.0,75000.0,72300.0,71975.0,72300.0,76400.0,78817.77777777778,80785.0,83684.16666666667
2016-09-23,77400.0,74900.0,76000.0,76200.0,51426.0,76200.0,73380.0,72412.5,72510.0,76246.66666666667,78584.44444444444,80678.33333333333,83606.66666666667
2016-09-26,77300.0,75000.0,76000.0,75100.0,48740.0,75100.0,74020.0,72787.5,72710.0,76006.66666666667,78335.55555555556,80528.33333333333,83529.16666666667
2016-09-27,76000.0,74900.0,75000.0,75700.0,34514.0,75700.0,74780.0,73562.5,73010.0,75746.66666666667,78113.33333333333,80348.33333333333,83465.83333333333
2016-09-28,76400.0,75000.0,76200.0,75200.0,28095.0,75200.0,75440.0,74112.5,73320.0,75460.0,77908.88888888889,80138.33333333333,83373.33333333333
2016-09-29,78700.0,75500.0,75900.0,78000.0,91443.0,78000.0,76040.0,74875.0,74170.0,75320.0,77768.88888888889,79975.0,83280.0
2016-09-30,77800.0,73800.0,77700.0,73900.0,90895.0,73900.0,75580.0,75125.0,74480.0,75050.0,77566.66666666667,79730.0,83155.0
2016-10-04,76200.0,74000.0,74200.0,74200.0,64349.0,74200.0,75400.0,75412.5,74710.0,74806.66666666667,77346.66666666667,79506.66666666667,83037.5
2016-10-05,75500.0,74100.0,74100.0,75100.0,43414.0,75100.0,75280.0,75425.0,75030.0,74603.33333333333,77164.44444444444,79348.33333333333,82927.5
2016-10-06,75700.0,74200.0,75000.0,74300.0,27141.0,74300.0,75100.0,75187.5,75270.0,74400.0,76951.11111111111,79150.0,82805.83333333333
2016-10-07,75500.0,71200.0,74400.0,71400.0,55356.0,71400.0,73780.0,74725.0,74910.0,74100.0,76664.44444444444,78901.66666666667,82687.5
2016-10-10,73300.0,71500.0,71500.0,71700.0,23509.0,71700.0,73340.0,74225.0,74460.0,73836.66666666667,76420.0,78625.0,82584.16666666667
2016-10-11,72800.0,71300.0,71500.0,71500.0,27982.0,71500.0,72800.0,73762.5,74100.0,73576.66666666667,76171.11111111111,78346.66666666667,82467.5
2016-10-12,73300.0,71500.0,71500.0,71900.0,33679.0,71900.0,72160.0,73000.0,73720.0,73440.0,75960.0,78085.0,82342.5
2016-10-13,72200.0,70100.0,71600.0,70300.0,51634.0,70300.0,71360.0,72550.0,73230.0,73296.66666666667,75715.55555555556,77790.0,82215.0
2016-10-14,71000.0,70000.0,70000.0,70600.0,24030.0,70600.0,71200.0,72100.0,72490.0,73273.33333333333,75491.11111111111,77531.66666666667,82094.16666666667
2016-10-17,71200.0,68700.0,70600.0,68800.0,67144.0,68800.0,70620.0,71312.5,71980.0,73133.33333333333,75224.44444444444,77233.33333333333,81955.0
2016-10-18,69200.0,68400.0,68400.0,68600.0,35001.0,68600.0,70040.0,70600.0,71420.0,72956.66666666667,74920.0,76938.33333333333,81822.5
2016-10-19,69200.0,67900.0,68800.0,68200.0,42803.0,68200.0,69300.0,70200.0,70730.0,72766.66666666667,74580.0,76646.66666666667,81689.16666666667
2016-10-20,68500.0,65200.0,67700.0,65200.0,110023.0,65200.0,68280.0,69387.5,69820.0,72476.66666666667,74166.66666666667,76326.66666666667,81503.33333333333
2016-10-21,68400.0,65200.0,65200.0,66900.0,58357.0,66900.0,67540.0,68812.5,69370.0,72193.33333333333,73826.66666666667,76036.66666666667,81342.5
2016-10-24,68300.0,65800.0,66900.0,65800.0,32787.0,65800.0,66940.0,68050.0,68780.0,71916.66666666667,73466.66666666667,75750.0,81182.5
2016-10-25,66800.0,62700.0,65400.0,63700.0,68736.0,63700.0,65960.0,67225.0,68000.0,71603.33333333333,73071.11111111111,75410.0,81005.83333333333
2016-10-26,64800.0,61900.0,63700.0,63600.0,76463.0,63600.0,65040.0,66350.0,67170.0,71300.0,72680.0,75081.66666666667,80825.83333333333
2016-10-27,64200.0,63200.0,63400.0,64100.0,50194.0,64100.0,64820.0,65762.5,66550.0,71033.33333333333,72317.77777777778,74751.66666666667,80666.66666666667
2016-10-28,64200.0,60600.0,64200.0,60600.0,100623.0,60600.0,63560.0,64762.5,65550.0,70736.66666666667,71877.77777777778,74356.66666666667,80488.33333333333
2016-10-31,60400.0,56700.0,60400.0,56700.0,121036.0,56700.0,61740.0,63325.0,64340.0,70266.66666666667,71368.88888888889,73923.33333333333,80278.33333333333
2016-11-01,58600.0,56200.0,56200.0,57200.0,66480.0,57200.0,60440.0,62325.0,63200.0,69776.66666666667,70877.77777777778,73498.33333333333,80083.33333333333
2016-11-02,58700.0,56600.0,57200.0,56700.0,64877.0,56700.0,59060.0,61050.0,62050.0,69270.0,70448.88888888889,73086.66666666667,79858.33333333333
2016-11-03,58500.0,56200.0,56200.0,58300.0,46096.0,58300.0,57900.0,60112.5,61360.0,68816.66666666667,70086.66666666667,72703.33333333333,79646.66666666667
2016-11-04,57800.0,55800.0,57100.0,57000.0,42526.0,57000.0,57180.0,59275.0,60370.0,68216.66666666667,69768.88888888889,72308.33333333333,79417.5
2016-11-07,58700.0,57300.0,57700.0,58700.0,28170.0,58700.0,57580.0,58662.5,59660.0,67633.33333333333,69451.11111111111,71940.0,79197.5
2016-11-08,59700.0,58200.0,59500.0,59000.0,26514.0,59000.0,57940.0,58025.0,59190.0,67096.66666666667,69120.0,71551.66666666667,78984.16666666667
2016-11-09,59600.0,53600.0,59200.0,56600.0,125479.0,56600.0,57920.0,57525.0,58490.0,66460.0,68735.55555555556,71103.33333333333,78762.5
2016-11-10,61900.0,58800.0,59400.0,61600.0,90175.0,61600.0,58580.0,58137.5,58240.0,66006.66666666667,68462.22222222222,70733.33333333333,78585.0
2016-11-11,61800.0,59200.0,61400.0,59700.0,52165.0,59700.0,59120.0,58450.0,58150.0,65396.666666666664,68113.33333333333,70358.33333333333,78390.0
2016-11-14,60400.0,59300.0,59500.0,59300.0,23054.0,59300.0,59240.0,58775.0,58410.0,64910.0,67784.44444444444,69980.0,78167.5
2016-11-15,60500.0,57600.0,59100.0,57800.0,38269.0,57800.0,59000.0,58712.5,58470.0,64363.333333333336,67444.44444444444,69585.0,77911.66666666667
2016-11-16,59500.0,58400.0,58400.0,59100.0,18232.0,59100.0,59500.0,58975.0,58710.0,63830.0,67142.22222222222,69216.66666666667,77675.83333333333
2016-11-17,60300.0,58700.0,59300.0,59600.0,17842.0,59600.0,59100.0,59087.5,58840.0,63340.0,66864.44444444444,68870.0,77461.66666666667
2016-11-18,60100.0,58300.0,59600.0,58300.0,20370.0,58300.0,58820.0,59000.0,58970.0,62903.333333333336,66615.55555555556,68501.66666666667,77239.16666666667
2016-11-21,58700.0,57300.0,58300.0,57500.0,23006.0,57500.0,58460.0,59112.5,58850.0,62430.0,66320.0,68133.33333333333,77005.0
2016-11-22,58600.0,56700.0,57700.0,58200.0,25094.0,58200.0,58540.0,58687.5,58770.0,61986.666666666664,66015.55555555556,67781.66666666667,76780.83333333333
2016-11-23,58200.0,56800.0,57600.0,57000.0,28174.0,57000.0,58120.0,58350.0,58810.0,61490.0,65684.44444444444,67465.0,76541.66666666667
2016-11-24,57700.0,55300.0,57000.0,55300.0,36576.0,55300.0,57260.0,57850.0,58180.0,60990.0,65315.555555555555,67143.33333333333,76276.66666666667
2016-11-25,56400.0,54400.0,54400.0,55000.0,25221.0,55000.0,56600.0,57500.0,57710.0,60470.0,64871.11111111111,66871.66666666667,76008.33333333333
2016-11-28,55500.0,52600.0,55200.0,52700.0,68369.0,52700.0,55640.0,56700.0,57050.0,59933.333333333336,64348.88888888889,66533.33333333333,75707.5
2016-11-29,53500.0,51500.0,51600.0,52600.0,47849.0,52600.0,54520.0,55825.0,56530.0,59400.0,63848.88888888889,66178.33333333333,75405.83333333333
2016-11-30,53400.0,52100.0,52400.0,52900.0,40297.0,52900.0,53700.0,55150.0,55910.0,58890.0,63342.22222222222,65828.33333333333,75067.5
2016-12-01,54300.0,51600.0,52500.0,53500.0,38319.0,53500.0,53340.0,54650.0,55300.0,58500.0,62860.0,65488.333333333336,74738.33333333333
2016-12-02,54200.0,51500.0,53600.0,51600.0,43762.0,51600.0,52660.0,53825.0,54630.0,57990.0,62273.333333333336,65091.666666666664,74387.5
2016-12-05,51500.0,49850.0,50500.0,49850.0,51192.0,49850.0,52090.0,52931.25,53865.0,57458.333333333336,61738.88888888889,64687.5,74047.91666666667
2016-12-06,52200.0,49950.0,49950.0,51200.0,41503.0,51200.0,51810.0,52418.75,53165.0,57041.666666666664,61227.77777777778,64322.5,73687.91666666667
2016-12-07,51800.0,49650.0,51400.0,50200.0,51427.0,50200.0,51270.0,51818.75,52485.0,56595.0,60674.444444444445,63947.5,73327.08333333333
2016-12-08,51800.0,50000.0,50400.0,51200.0,38952.0,51200.0,50810.0,51631.25,52075.0,56165.0,60161.11111111111,63599.166666666664,73007.91666666667
2016-12-09,51900.0,51000.0,51500.0,51500.0,43403.0,51500.0,50790.0,51493.75,51725.0,55861.666666666664,59718.88888888889,63299.166666666664,72709.58333333333
2016-12-12,53200.0,51600.0,51600.0,52100.0,43091.0,52100.0,51240.0,51393.75,51665.0,55708.333333333336,59283.333333333336,62987.5,72407.91666666667
2016-12-13,55500.0,51900.0,52300.0,55000.0,65304.0,55000.0,52000.0,51581.25,51905.0,55635.0,58916.666666666664,62705.833333333336,72104.58333333333
2016-12-14,58000.0,55300.0,55500.0,55800.0,81415.0,55800.0,53120.0,52106.25,52195.0,55605.0,58558.88888888889,62437.5,71823.75
2016-12-15,56300.0,55000.0,55500.0,56100.0,36776.0,56100.0,54100.0,52887.5,52455.0,55531.666666666664,58243.333333333336,62174.166666666664,71546.25
2016-12-16,57400.0,55400.0,56700.0,56400.0,49082.0,56400.0,55080.0,53537.5,52935.0,55511.666666666664,57927.77777777778,61864.166666666664,71324.58333333333
2016-12-19,56800.0,55800.0,56200.0,55800.0,24270.0,55800.0,55820.0,54237.5,53530.0,55415.0,57638.88888888889,61524.166666666664,71101.25
2016-12-20,56100.0,54300.0,55800.0,54300.0,42932.0,54300.0,55680.0,54625.0,53840.0,55258.333333333336,57321.11111111111,61177.5,70852.91666666667
2016-12-21,54700.0,53100.0,54600.0,53400.0,41428.0,53400.0,55200.0,54862.5,54160.0,55151.666666666664,56992.22222222222,60805.833333333336,70577.08333333333
2016-12-22,54000.0,52600.0,53400.0,52700.0,27276.0,52700.0,54520.0,54937.5,54310.0,54855.0,56714.444444444445,60430.833333333336,70284.58333333333
2016-12-23,53500.0,52500.0,52500.0,53300.0,22819.0,53300.0,53900.0,54725.0,54490.0,54641.666666666664,56412.22222222222,60019.166666666664,69997.08333333333
2016-12-26,54000.0,52800.0,53300.0,52900.0,26418.0,52900.0,53320.0,54362.5,54570.0,54428.333333333336,56125.555555555555,59669.166666666664,69699.58333333333
2016-12-27,53200.0,52000.0,52900.0,52600.0,38780.0,52600.0,52980.0,53925.0,54330.0,54255.0,55878.88888888889,59309.166666666664,69407.91666666667
2016-12-28,54900.0,52800.0,53100.0,54800.0,74202.0,54800.0,53260.0,53725.0,54230.0,54111.666666666664,55683.333333333336,58970.833333333336,69159.58333333333
2016-12-29,55100.0,53600.0,53900.0,54300.0,41547.0,54300.0,53580.0,53537.5,54050.0,53935.0,55465.555555555555,58637.5,68893.75
2017-01-02,56000.0,53900.0,53900.0,54300.0,57895.0,54300.0,53780.0,53537.5,53840.0,53801.666666666664,55325.555555555555,58352.5,68627.08333333333
2017-01-03,55200.0,54200.0,54600.0,55200.0,36120.0,55200.0,54240.0,53762.5,53780.0,53725.0,55292.22222222222,58077.5,68351.25
2017-01-04,60000.0,55200.0,55500.0,59200.0,159468.0,59200.0,55560.0,54575.0,54270.0,53758.333333333336,55336.666666666664,57872.5,68109.58333333333
2017-01-05,61300.0,58700.0,59200.0,59400.0,80453.0,59400.0,56480.0,55337.5,54870.0,53838.333333333336,55396.666666666664,57664.166666666664,67874.58333333333
2017-01-06,59500.0,57900.0,59400.0,58900.0,53940.0,58900.0,57400.0,56087.5,55490.0,53958.333333333336,55410.0,57474.166666666664,67632.08333333333
2017-01-09,59200.0,57500.0,59000.0,57500.0,37912.0,57500.0,58040.0,56700.0,55910.0,54041.666666666664,55421.11111111111,57255.833333333336,67393.75
2017-01-10,59600.0,55700.0,57500.0,58000.0,87966.0,58000.0,58600.0,57100.0,56420.0,54218.333333333336,55405.555555555555,57075.833333333336,67154.58333333333
2017-01-11,58600.0,57100.0,58500.0,57200.0,38214.0,57200.0,58200.0,57462.5,56880.0,54371.666666666664,55365.555555555555,56885.833333333336,66912.08333333333
2017-01-12,57700.0,56300.0,57500.0,56700.0,39191.0,56700.0,57660.0,57762.5,57070.0,54498.333333333336,55367.77777777778,56694.166666666664,66670.41666666667
2017-01-13,57500.0,55700.0,56700.0,56000.0,45026.0,56000.0,57080.0,57862.5,57240.0,54581.666666666664,55243.333333333336,56540.833333333336,66433.75
2017-01-16,56700.0,56000.0,56300.0,56300.0,24868.0,56300.0,56840.0,57500.0,57440.0,54738.333333333336,55167.77777777778,56364.166666666664,66200.41666666667
2017-01-17,56700.0,55300.0,55800.0,55300.0,28752.0,55300.0,56300.0,56987.5,57450.0,54920.0,55078.88888888889,56189.166666666664,65969.58333333333
2017-01-18,56200.0,55200.0,55300.0,56100.0,19455.0,56100.0,56080.0,56637.5,57140.0,55083.333333333336,55041.11111111111,56062.5,65736.25
2017-01-19,57200.0,56000.0,56100.0,56500.0,35658.0,56500.0,56040.0,56512.5,56850.0,55293.333333333336,54983.333333333336,55944.166666666664,65512.916666666664
2017-01-20,56900.0,54800.0,56400.0,54900.0,43935.0,54900.0,55820.0,56125.0,56450.0,55416.666666666664,54878.88888888889,55790.833333333336,65271.25
2017-01-23,55700.0,52900.0,54900.0,52900.0,53878.0,52900.0,55140.0,55587.5,55990.0,55463.333333333336,54758.88888888889,55662.5,65009.583333333336
2017-01-24,53500.0,51900.0,52500.0,52800.0,40472.0,52800.0,54640.0,55100.0,55470.0,55486.666666666664,54654.444444444445,55597.5,64760.416666666664
2017-01-25,53600.0,52000.0,52800.0,52100.0,40044.0,52100.0,53840.0,54612.5,54960.0,55390.0,54518.88888888889,55512.5,64505.416666666664
2017-01-26,53200.0,52100.0,52200.0,52600.0,22062.0,52600.0,53060.0,54150.0,54550.0,55283.333333333336,54421.11111111111,55444.166666666664,64265.416666666664
2017-01-31,53500.0,52300.0,52600.0,52600.0,35148.0,52600.0,52600.0,53812.5,54210.0,55166.666666666664,54361.11111111111,55349.166666666664,64026.25
2017-02-01,53900.0,52600.0,52600.0,53900.0,34404.0,53900.0,52800.0,53537.5,53970.0,55083.333333333336,54336.666666666664,55297.5,63802.916666666664
2017-02-02,54200.0,53000.0,54100.0,53200.0,31847.0,53200.0,52880.0,53125.0,53760.0,54996.666666666664,54347.77777777778,55205.833333333336,63572.916666666664
2017-02-03,53800.0,51300.0,53400.0,52200.0,49479.0,52200.0,52900.0,52787.5,53370.0,54926.666666666664,54338.88888888889,55092.5,63322.083333333336
2017-02-06,53000.0,51500.0,51500.0,53000.0,26428.0,53000.0,52980.0,52800.0,53020.0,54913.333333333336,54341.11111111111,55032.5,63067.916666666664
2017-02-07,53600.0,52600.0,53200.0,53400.0,19950.0,53400.0,53140.0,52875.0,52870.0,54936.666666666664,54338.88888888889,54895.833333333336,62814.583333333336
2017-02-08,53400.0,51700.0,52000.0,53000.0,60094.0,53000.0,52960.0,52987.5,52880.0,54926.666666666664,54370.0,54784.166666666664,62571.25
2017-02-09,53600.0,52000.0,53200.0,52600.0,36810.0,52600.0,52840.0,52987.5,52860.0,54916.666666666664,54431.11111111111,54672.5,62326.25
2017-02-10,53200.0,52200.0,52600.0,52800.0,23288.0,52800.0,52960.0,53012.5,52930.0,54923.333333333336,54466.666666666664,54589.166666666664,62087.083333333336
2017-02-13,55200.0,52900.0,52900.0,55000.0,66243.0,55000.0,53360.0,53150.0,53170.0,54930.0,54573.333333333336,54520.833333333336,61868.75
2017-02-14,56100.0,54900.0,55200.0,55300.0,37706.0,55300.0,53740.0,53412.5,53440.0,54963.333333333336,54664.444444444445,54449.166666666664,61659.583333333336
2017-02-15,58300.0,55400.0,55400.0,57100.0,90270.0,57100.0,54560.0,54025.0,53760.0,55056.666666666664,54788.88888888889,54429.166666666664,61465.416666666664
2017-02-16,58000.0,55300.0,57700.0,56400.0,48267.0,56400.0,55320.0,54450.0,54080.0,55096.666666666664,54884.444444444445,54410.833333333336,61272.083333333336
2017-02-17,57600.0,56100.0,56900.0,56800.0,30348.0,56800.0,56120.0,54875.0,54540.0,55016.666666666664,54924.444444444445,54387.5,61084.583333333336
2017-02-20,57500.0,55200.0,57300.0,55700.0,32495.0,55700.0,56260.0,55212.5,54810.0,54893.333333333336,54922.22222222222,54365.833333333336,60915.416666666664
2017-02-21,56300.0,55400.0,55900.0,56000.0,23003.0,56000.0,56400.0,55637.5,55070.0,54796.666666666664,54920.0,54377.5,60760.416666666664
2017-02-22,56500.0,55300.0,56400.0,55400.0,22940.0,55400.0,56060.0,55962.5,55310.0,54726.666666666664,54897.77777777778,54384.166666666664,60627.916666666664
2017-02-23,56800.0,55300.0,55300.0,55700.0,34799.0,55700.0,55920.0,56050.0,55620.0,54650.0,54895.555555555555,54434.166666666664,60483.75
2017-02-24,57100.0,55200.0,55700.0,56500.0,31768.0,56500.0,55860.0,56200.0,55990.0,54626.666666666664,54944.444444444445,54499.166666666664,60338.75
2017-02-27,58700.0,56600.0,56900.0,56900.0,74058.0,56900.0,56100.0,56175.0,56180.0,54633.333333333336,55022.22222222222,54565.833333333336,60197.083333333336
2017-02-28,58000.0,56800.0,57000.0,57800.0,35880.0,57800.0,56460.0,56350.0,56430.0,54693.333333333336,55135.555555555555,54637.5,60062.916666666664
2017-03-02,58000.0,56200.0,57500.0,56900.0,34869.0,56900.0,56760.0,56362.5,56410.0,54713.333333333336,55215.555555555555,54725.833333333336,59908.75
2017-03-03,56900.0,54500.0,56600.0,55200.0,41153.0,55200.0,56660.0,56300.0,56290.0,54710.0,55266.666666666664,54815.0,59751.25
2017-03-06,56500.0,54800.0,55400.0,55200.0,27418.0,55200.0,56400.0,56200.0,56130.0,54680.0,55324.444444444445,54881.666666666664,59602.083333333336
2017-03-07,55800.0,54800.0,55200.0,55100.0,30198.0,55100.0,56040.0,56162.5,56070.0,54633.333333333336,55331.11111111111,54963.333333333336,59455.416666666664
2017-03-08,55300.0,54600.0,55000.0,54800.0,20531.0,54800.0,55440.0,56050.0,55950.0,54630.0,55342.22222222222,55023.333333333336,59311.25
2017-03-09,55800.0,54500.0,54800.0,54900.0,28364.0,54900.0,55040.0,55850.0,55900.0,54696.666666666664,55355.555555555555,55080.0,59189.583333333336
2017-03-10,55500.0,54500.0,55400.0,55300.0,21574.0,55300.0,55060.0,55650.0,55860.0,54780.0,55357.77777777778,55133.333333333336,59060.416666666664
2017-03-13,55900.0,54900.0,55800.0,55100.0,20573.0,55100.0,55040.0,55312.5,55720.0,54880.0,55266.666666666664,55135.0,58920.416666666664
2017-03-14,55400.0,53800.0,55200.0,54600.0,33055.0,54600.0,54940.0,55025.0,55490.0,54946.666666666664,55160.0,55115.0,58776.25
2017-03-15,54900.0,53800.0,54500.0,54600.0,21214.0,54600.0,54900.0,54950.0,55170.0,55013.333333333336,55064.444444444445,55090.0,58632.083333333336
2017-03-16,55200.0,54200.0,54600.0,54900.0,19118.0,54900.0,54900.0,54912.5,54970.0,55046.666666666664,55006.666666666664,55065.0,58464.583333333336
2017-03-17,54900.0,53800.0,54800.0,54100.0,41292.0,54100.0,54660.0,54787.5,54860.0,55076.666666666664,54920.0,55036.666666666664,58280.416666666664
2017-03-20,54900.0,53600.0,54100.0,53900.0,29207.0,53900.0,54420.0,54675.0,54730.0,55133.333333333336,54846.666666666664,55030.0,58103.75
2017-03-21,55700.0,53400.0,53400.0,55700.0,55512.0,55700.0,54640.0,54775.0,54790.0,55223.333333333336,54824.444444444445,55068.333333333336,57937.083333333336
2017-03-22,57100.0,55500.0,55900.0,57100.0,56032.0,57100.0,55140.0,55000.0,55020.0,55346.666666666664,54848.88888888889,55141.666666666664,57786.25
2017-03-23,58000.0,56600.0,57400.0,57800.0,47012.0,57800.0,55720.0,55337.5,55310.0,55506.666666666664,54882.22222222222,55216.666666666664,57617.916666666664
2017-03-24,58300.0,57100.0,57800.0,58100.0,45139.0,58100.0,56520.0,55775.0,55590.0,55690.0,54944.444444444445,55303.333333333336,57486.25
2017-03-27,60300.0,57700.0,58100.0,58500.0,98903.0,58500.0,57440.0,56262.5,55930.0,55880.0,54997.77777777778,55401.666666666664,57355.416666666664
2017-03-28,59300.0,57800.0,58700.0,58400.0,46534.0,58400.0,57980.0,56700.0,56310.0,55993.333333333336,55040.0,55461.666666666664,57216.25
2017-03-29,58900.0,57900.0,58900.0,58000.0,32665.0,58000.0,58160.0,57187.5,56650.0,56083.333333333336,55108.88888888889,55523.333333333336,57080.416666666664
2017-03-30,59100.0,57500.0,58000.0,58800.0,32188.0,58800.0,58360.0,57800.0,57040.0,56140.0,55240.0,55598.333333333336,56975.416666666664
2017-03-31,59900.0,58100.0,58500.0,59600.0,49919.0,59600.0,58660.0,58287.5,57590.0,56246.666666666664,55391.11111111111,55671.666666666664,56874.583333333336
2017-04-03,60500.0,59200.0,59600.0,60200.0,50487.0,60200.0,59000.0,58675.0,58220.0,56360.0,55571.11111111111,55688.333333333336,56780.416666666664
2017-04-04,61300.0,59900.0,60200.0,60600.0,55754.0,60600.0,59440.0,59025.0,58710.0,56523.333333333336,55748.88888888889,55708.333333333336,56686.25
2017-04-05,62400.0,60400.0,61300.0,60400.0,80512.0,60400.0,59920.0,59312.5,59040.0,56670.0,55922.22222222222,55733.333333333336,56603.75
2017-04-06,61100.0,59300.0,60500.0,61100.0,38830.0,61100.0,60380.0,59637.5,59370.0,56860.0,56082.22222222222,55793.333333333336,56524.583333333336
2017-04-07,61900.0,60400.0,61700.0,61000.0,29076.0,61000.0,60660.0,59962.5,59660.0,57036.666666666664,56255.555555555555,55843.333333333336,56459.583333333336
2017-04-10,60900.0,58500.0,60700.0,58500.0,58714.0,58500.0,60320.0,60025.0,59660.0,57103.333333333336,56395.555555555555,55865.0,56375.416666666664
2017-04-11,59700.0,58300.0,58300.0,59100.0,22629.0,59100.0,60020.0,60062.5,59730.0,57176.666666666664,56531.11111111111,55905.0,56299.583333333336
2017-04-12,59300.0,58100.0,58900.0,59100.0,30903.0,59100.0,59760.0,60000.0,59840.0,57220.0,56657.77777777778,55956.666666666664,56248.75
2017-04-13,59800.0,58500.0,58800.0,58800.0,20596.0,58800.0,59300.0,59825.0,59840.0,57283.333333333336,56786.666666666664,55998.333333333336,56181.25
2017-04-14,59300.0,58100.0,58500.0,59000.0,34445.0,59000.0,58900.0,59625.0,59780.0,57410.0,56928.88888888889,56060.0,56124.583333333336
2017-04-17,59700.0,58800.0,59000.0,58900.0,30197.0,58900.0,58980.0,59437.5,59650.0,57533.333333333336,57064.444444444445,56106.666666666664,56084.583333333336
2017-04-18,61300.0,59100.0,59500.0,60500.0,62227.0,60500.0,59260.0,59362.5,59640.0,57713.333333333336,57186.666666666664,56173.333333333336,56058.75
2017-04-19,60900.0,59500.0,60600.0,60100.0,31278.0,60100.0,59460.0,59250.0,59610.0,57890.0,57293.333333333336,56260.0,56025.416666666664
2017-04-20,60300.0,59300.0,60200.0,59500.0,34425.0,59500.0,59600.0,59375.0,59450.0,58043.333333333336,57346.666666666664,56370.0,56016.25
2017-04-21,59500.0,58400.0,59500.0,58500.0,41845.0,58500.0,59500.0,59300.0,59200.0,58150.0,57393.333333333336,56465.0,56031.25
2017-04-24,58800.0,57800.0,58600.0,58200.0,33608.0,58200.0,59360.0,59187.5,59170.0,58253.333333333336,57424.444444444445,56566.666666666664,56039.583333333336
2017-04-25,59100.0,58100.0,58100.0,58700.0,21391.0,58700.0,59000.0,59175.0,59130.0,58390.0,57491.11111111111,56668.333333333336,56056.25
2017-04-26,59100.0,58200.0,58500.0,58900.0,26769.0,58900.0,58760.0,59162.5,59110.0,58533.333333333336,57555.555555555555,56773.333333333336,56061.25
2017-04-27,61900.0,59200.0,59200.0,60300.0,102495.0,60300.0,58920.0,59337.5,59260.0,58713.333333333336,57664.444444444445,56880.0,56088.75
2017-04-28,62000.0,60200.0,60800.0,60400.0,72966.0,60400.0,59300.0,59325.0,59400.0,58923.333333333336,57768.88888888889,57000.0,56102.916666666664
2017-05-02,61800.0,60100.0,61000.0,60100.0,50052.0,60100.0,59680.0,59325.0,59520.0,59130.0,57848.88888888889,57131.666666666664,56112.083333333336
2017-05-04,61300.0,60000.0,60000.0,61200.0,29152.0,61200.0,60180.0,59537.5,59590.0,59313.333333333336,57944.444444444445,57268.333333333336,56150.416666666664
2017-05-08,63400.0,61700.0,62000.0,63200.0,86355.0,63200.0,61040.0,60125.0,59900.0,59516.666666666664,58064.444444444445,57431.666666666664,56163.75
2017-05-10,63800.0,62300.0,63500.0,62400.0,45076.0,62400.0,61460.0,60650.0,60190.0,59670.0,58186.666666666664,57588.333333333336,56186.25
2017-05-11,64800.0,62400.0,62400.0,64600.0,81666.0,64600.0,62300.0,61387.5,60800.0,59886.666666666664,58395.555555555555,57788.333333333336,56230.416666666664
2017-05-12,65100.0,64000.0,64900.0,64100.0,44195.0,64100.0,63100.0,62037.5,61390.0,60073.333333333336,58593.333333333336,57976.666666666664,56282.916666666664
2017-05-15,67400.0,63800.0,63800.0,66300.0,86155.0,66300.0,64120.0,62787.5,62150.0,60336.666666666664,58842.22222222222,58165.0,56342.916666666664
2017-05-16,66800.0,65000.0,66300.0,66000.0,62277.0,66000.0,64680.0,63487.5,62860.0,60603.333333333336,59091.11111111111,58343.333333333336,56396.25
2017-05-17,68300.0,65300.0,66300.0,65300.0,95206.0,65300.0,65260.0,64137.5,63360.0,60820.0,59322.22222222222,58480.0,56454.583333333336
2017-05-18,64900.0,63600.0,64000.0,64500.0,61664.0,64500.0,65240.0,64550.0,63770.0,60983.333333333336,59526.666666666664,58615.0,56512.916666666664
2017-05-19,66200.0,64300.0,64300.0,65300.0,34071.0,65300.0,65480.0,64812.5,64290.0,61153.333333333336,59753.333333333336,58756.666666666664,56572.083333333336
2017-05-22,66200.0,65000.0,65400.0,66000.0,50900.0,66000.0,65420.0,65262.5,64770.0,61333.333333333336,60006.666666666664,58928.333333333336,56647.083333333336
2017-05-23,66500.0,65100.0,66400.0,65300.0,30811.0,65300.0,65280.0,65350.0,64980.0,61496.666666666664,60244.444444444445,59083.333333333336,56730.416666666664
2017-05-24,66600.0,65500.0,65500.0,65600.0,39993.0,65600.0,65340.0,65537.5,65300.0,61646.666666666664,60482.22222222222,59253.333333333336,56818.75
2017-05-25,66500.0,65700.0,66400.0,66200.0,38450.0,66200.0,65680.0,65525.0,65460.0,61820.0,60751.11111111111,59428.333333333336,56931.25
2017-05-26,68000.0,66300.0,66300.0,67800.0,68073.0,67800.0,66180.0,65750.0,65830.0,62130.0,61060.0,59616.666666666664,57057.916666666664
2017-05-29,68400.0,66800.0,68200.0,66800.0,41236.0,66800.0,66340.0,65937.5,65880.0,62386.666666666664,61306.666666666664,59781.666666666664,57173.75
2017-05-30,68400.0,66900.0,67000.0,67100.0,35991.0,67100.0,66700.0,66262.5,65990.0,62653.333333333336,61528.88888888889,59936.666666666664,57287.083333333336
2017-05-31,68800.0,67300.0,67300.0,68800.0,56032.0,68800.0,67340.0,66700.0,66340.0,62986.666666666664,61773.333333333336,60135.0,57430.416666666664
2017-06-01,69100.0,68200.0,68200.0,68400.0,36153.0,68400.0,67780.0,67000.0,66730.0,63300.0,62002.22222222222,60355.0,57585.0
2017-06-02,69000.0,67400.0,69000.0,67500.0,50145.0,67500.0,67720.0,67275.0,66950.0,63586.666666666664,62202.22222222222,60560.0,57720.833333333336
2017-06-05,69100.0,67700.0,68300.0,68300.0,57907.0,68300.0,68020.0,67612.5,67180.0,63846.666666666664,62422.22222222222,60780.0,57871.666666666664
2017-06-07,69200.0,68300.0,68900.0,68500.0,29771.0,68500.0,68300.0,67900.0,67500.0,64126.666666666664,62655.555555555555,61008.333333333336,58015.833333333336
2017-06-08,69200.0,68000.0,68500.0,68900.0,43898.0,68900.0,68320.0,68037.5,67830.0,64440.0,62880.0,61241.666666666664,58160.833333333336
2017-06-09,69700.0,68600.0,69200.0,68700.0,34119.0,68700.0,68380.0,68275.0,68080.0,64780.0,63082.22222222222,61465.0,58299.166666666664
2017-06-12,68700.0,66100.0,68400.0,66300.0,68210.0,66300.0,68140.0,68175.0,67930.0,65050.0,63217.77777777778,61651.666666666664,58393.333333333336
2017-06-13,67400.0,65900.0,65900.0,67400.0,35023.0,67400.0,67960.0,68000.0,67990.0,65340.0,63368.88888888889,61865.0,58490.0
2017-06-14,67800.0,65500.0,67400.0,65600.0,69666.0,65600.0,67380.0,67650.0,67840.0,65563.33333333333,63484.444444444445,62048.333333333336,58569.166666666664
2017-06-15,66000.0,63400.0,65800.0,64600.0,51014.0,64600.0,66520.0,67287.5,67420.0,65706.66666666667,63562.22222222222,62210.0,58637.5
2017-06-16,65200.0,63200.0,64800.0,63700.0,45071.0,63700.0,65520.0,66712.5,66950.0,65816.66666666667,63622.22222222222,62370.0,58703.333333333336
2017-06-19,64600.0,63200.0,63200.0,64300.0,37704.0,64300.0,65120.0,66187.5,66630.0,65956.66666666667,63751.11111111111,62543.333333333336,58786.666666666664
2017-06-20,65400.0,62500.0,64100.0,62500.0,54331.0,62500.0,64140.0,65387.5,66050.0,66000.0,63826.666666666664,62656.666666666664,58862.5
2017-06-21,63700.0,62000.0,62300.0,62500.0,40412.0,62500.0,63520.0,64612.5,65450.0,65976.66666666667,63902.22222222222,62746.666666666664,58944.166666666664
2017-06-22,63400.0,62200.0,62700.0,63000.0,35807.0,63000.0,63200.0,64200.0,64860.0,65996.66666666667,63995.555555555555,62833.333333333336,59025.0
2017-06-23,63500.0,62900.0,63000.0,63500.0,20810.0,63500.0,63160.0,63712.5,64340.0,65960.0,64095.555555555555,62923.333333333336,59113.333333333336
2017-06-26,64200.0,62200.0,64200.0,62700.0,32051.0,62700.0,62840.0,63350.0,63980.0,65913.33333333333,64180.0,62993.333333333336,59197.5
2017-06-27,63500.0,62100.0,62700.0,62500.0,35272.0,62500.0,62840.0,63087.5,63490.0,65786.66666666667,64224.444444444445,63061.666666666664,59261.666666666664
2017-06-28,62500.0,60800.0,62500.0,61400.0,45189.0,61400.0,62620.0,62800.0,63070.0,65633.33333333333,64253.333333333336,63118.333333333336,59320.833333333336
2017-06-29,61800.0,60900.0,61400.0,61600.0,26417.0,61600.0,62340.0,62462.5,62770.0,65510.0,64300.0,63165.0,59381.666666666664
2017-06-30,62300.0,61200.0,61200.0,61800.0,26944.0,61800.0,62000.0,62375.0,62580.0,65420.0,64373.333333333336,63201.666666666664,59436.666666666664
2017-07-03,62400.0,60000.0,61800.0,60200.0,34277.0,60200.0,61500.0,62087.5,62170.0,65250.0,64417.77777777778,63201.666666666664,59445.0
2017-07-04,61000.0,60100.0,60100.0,61000.0,20338.0,61000.0,61200.0,61837.5,62020.0,65083.333333333336,64468.88888888889,63208.333333333336,59458.333333333336
2017-07-05,61500.0,60300.0,61400.0,61000.0,18379.0,61000.0,61120.0,61525.0,61870.0,64940.0,64515.555555555555,63218.333333333336,59475.833333333336
2017-07-06,62100.0,60700.0,60700.0,61700.0,28303.0,61700.0,61140.0,61400.0,61740.0,64810.0,64546.666666666664,63228.333333333336,59510.833333333336
2017-07-07,61900.0,60700.0,61500.0,61400.0,23726.0,61400.0,61060.0,61262.5,61530.0,64650.0,64568.88888888889,63235.0,59539.166666666664
2017-07-10,61900.0,59800.0,61600.0,60300.0,35333.0,60300.0,61080.0,61125.0,61290.0,64400.0,64573.333333333336,63265.0,59565.0
2017-07-11,60600.0,58100.0,60400.0,59000.0,61922.0,59000.0,60680.0,60800.0,60940.0,64140.0,64524.444444444445,63263.333333333336,59584.166666666664
2017-07-12,59400.0,58600.0,58600.0,58700.0,23014.0,58700.0,60220.0,60412.5,60670.0,63860.0,64424.444444444445,63256.666666666664,59606.666666666664
2017-07-13,59500.0,58100.0,58700.0,58900.0,29361.0,58900.0,59660.0,60250.0,60400.0,63530.0,64346.666666666664,63258.333333333336,59628.333333333336
2017-07-14,62600.0,58200.0,58200.0,61700.0,57865.0,61700.0,59720.0,60337.5,60390.0,63306.666666666664,64282.22222222222,63303.333333333336,59681.666666666664
2017-07-17,62900.0,61300.0,62300.0,61600.0,33946.0,61600.0,59980.0,60412.5,60530.0,63110.0,64226.666666666664,63348.333333333336,59727.5
2017-07-18,62200.0,61000.0,61500.0,62000.0,21769.0,62000.0,60580.0,60450.0,60630.0,62900.0,64131.11111111111,63373.333333333336,59773.333333333336
2017-07-19,63700.0,62000.0,62000.0,63100.0,39033.0,63100.0,61460.0,60662.5,60840.0,62720.0,64066.666666666664,63423.333333333336,59841.666666666664
2017-07-20,65200.0,62500.0,63600.0,64800.0,64970.0,64800.0,62640.0,61225.0,61150.0,62583.333333333336,64055.555555555555,63511.666666666664,59940.833333333336
2017-07-21,66500.0,63900.0,64600.0,66200.0,59765.0,66200.0,63540.0,62125.0,61630.0,62500.0,64093.333333333336,63640.0,60052.5
2017-07-24,69300.0,65800.0,66700.0,68200.0,138022.0,68200.0,64860.0,63312.5,62420.0,62563.333333333336,64157.77777777778,63806.666666666664,60186.666666666664
2017-07-25,69100.0,67000.0,68200.0,67600.0,46694.0,67600.0,65980.0,64400.0,63280.0,62570.0,64193.333333333336,63955.0,60311.666666666664
2017-07-26,69100.0,67500.0,68300.0,68600.0,54187.0,68600.0,67080.0,65262.5,64270.0,62670.0,64266.666666666664,64116.666666666664,60445.0
2017-07-27,69500.0,68300.0,68300.0,69000.0,38935.0,69000.0,67920.0,66187.5,65280.0,62816.666666666664,64342.22222222222,64261.666666666664,60570.833333333336
2017-07-28,69100.0,67300.0,69000.0,68700.0,62663.0,68700.0,68420.0,67025.0,65980.0,62983.333333333336,64397.77777777778,64400.0,60700.0
2017-07-31,70900.0,66700.0,68600.0,68700.0,107200.0,68700.0,68520.0,67725.0,66690.0,63130.0,64417.77777777778,64543.333333333336,60837.5
2017-08-01,69700.0,68400.0,69700.0,69400.0,54402.0,69400.0,68880.0,68300.0,67430.0,63360.0,64475.555555555555,64680.0,60974.166666666664
2017-08-02,71500.0,69300.0,69500.0,71300.0,106405.0,71300.0,69420.0,68937.5,68250.0,63653.333333333336,64568.88888888889,64815.0,61123.333333333336
2017-08-03,73000.0,70700.0,72000.0,72200.0,146015.0,72200.0,70060.0,69437.5,68990.0,63960.0,64644.444444444445,64978.333333333336,61283.333333333336
2017-08-04,76300.0,71800.0,72600.0,75900.0,205499.0,75900.0,71500.0,70475.0,69960.0,64373.333333333336,64811.11111111111,65166.666666666664,61477.5
2017-08-07,80900.0,75800.0,77000.0,80400.0,255185.0,80400.0,73840.0,71950.0,71180.0,64963.333333333336,65097.77777777778,65438.333333333336,61707.5
2017-08-08,82400.0,79500.0,81500.0,80500.0,142616.0,80500.0,76060.0,73387.5,72470.0,65563.33333333333,65368.88888888889,65675.0,61920.0
2017-08-09,84900.0,78200.0,80000.0,83500.0,290748.0,83500.0,78500.0,75237.5,73960.0,66300.0,65702.22222222222,65966.66666666667,62155.0
2017-08-10,86900.0,83500.0,83900.0,86300.0,262738.0,86300.0,81320.0,77437.5,75690.0,67123.33333333333,66088.88888888889,66316.66666666667,62398.333333333336
2017-08-11,88200.0,84100.0,84600.0,85200.0,199703.0,85200.0,83180.0,79412.5,77340.0,67903.33333333333,66455.55555555556,66661.66666666667,62638.333333333336
2017-08-14,87000.0,83100.0,85600.0,85200.0,139936.0,85200.0,84140.0,81150.0,78990.0,68736.66666666667,66875.55555555556,66993.33333333333,62875.0
2017-08-16,96000.0,86400.0,86800.0,96000.0,461918.0,96000.0,87240.0,84125.0,81650.0,69903.33333333333,67511.11111111111,67493.33333333333,63210.833333333336
2017-08-17,98000.0,94000.0,98000.0,94500.0,240350.0,94500.0,89440.0,86450.0,83970.0,71020.0,68153.33333333333,67980.0,63531.666666666664
2017-08-18,94400.0,87100.0,92300.0,87300.0,463092.0,87300.0,89640.0,87312.5,85480.0,71873.33333333333,68657.77777777778,68341.66666666667,63797.5
2017-08-21,88700.0,85600.0,87000.0,87200.0,305341.0,87200.0,90040.0,88150.0,86610.0,72733.33333333333,69180.0,68691.66666666667,64060.0
2017-08-22,88400.0,83000.0,87600.0,84100.0,412287.0,84100.0,89820.0,88225.0,86980.0,73526.66666666667,69620.0,68963.33333333333,64290.0
2017-08-23,85100.0,81100.0,84500.0,84500.0,458594.0,84500.0,87520.0,88000.0,87380.0,74376.66666666667,70108.88888888889,69258.33333333333,64520.0
2017-08-24,84700.0,82200.0,83800.0,83000.0,203242.0,83000.0,85220.0,87725.0,87330.0,75186.66666666667,70564.44444444444,69523.33333333333,64730.0
2017-08-25,85200.0,83300.0,83900.0,83600.0,170749.0,83600.0,84480.0,87525.0,87060.0,76010.0,71022.22222222222,69770.0,64952.5
2017-08-28,88300.0,84200.0,85000.0,87400.0,289957.0,87400.0,84520.0,86450.0,87280.0,76866.66666666667,71553.33333333333,70086.66666666667,65220.833333333336
2017-08-29,88400.0,85400.0,87700.0,87400.0,196838.0,87400.0,85180.0,85562.5,87500.0,77726.66666666667,72102.22222222222,70418.33333333333,65489.166666666664
2017-08-30,91900.0,87600.0,88400.0,91700.0,304171.0,91700.0,86620.0,86112.5,87070.0,78716.66666666667,72751.11111111111,70808.33333333333,65794.16666666667
2017-08-31,92300.0,89900.0,92200.0,90900.0,138922.0,90900.0,88200.0,86575.0,86710.0,79643.33333333333,73406.66666666667,71181.66666666667,66095.0
2017-09-01,93700.0,90700.0,91000.0,90900.0,190539.0,90900.0,89660.0,87425.0,87070.0,80513.33333333333,74057.77777777778,71548.33333333333,66395.0
2017-09-04,89700.0,86400.0,86400.0,86900.0,176517.0,86900.0,89560.0,87725.0,87040.0,81203.33333333333,74615.55555555556,71851.66666666667,66658.33333333333
2017-09-05,90700.0,87300.0,88200.0,90300.0,170988.0,90300.0,90140.0,88637.5,87660.0,81940.0,75284.44444444444,72251.66666666667,66951.66666666667
2017-09-06,90700.0,88700.0,90600.0,90400.0,94200.0,90400.0,89880.0,89487.5,88250.0,82700.0,75937.77777777778,72635.0,67250.0
2017-09-07,94200.0,89000.0,90800.0,89200.0,216997.0,89200.0,89540.0,89712.5,88870.0,83386.66666666667,76564.44444444444,73028.33333333333,67538.33333333333
2017-09-08,91500.0,88200.0,90300.0,89200.0,96437.0,89200.0,89200.0,89937.5,89430.0,84060.0,77175.55555555556,73438.33333333333,67824.16666666667
2017-09-11,90000.0,85200.0,90000.0,85700.0,222204.0,85700.0,88960.0,89187.5,89260.0,84626.66666666667,77715.55555555556,73805.0,68087.5
2017-09-12,88100.0,85000.0,85600.0,87000.0,136559.0,87000.0,88300.0,88700.0,89220.0,85236.66666666667,78308.88888888889,74183.33333333333,68363.33333333333
2017-09-13,88100.0,84500.0,87500.0,84800.0,141924.0,84800.0,87180.0,87937.5,88530.0,85750.0,78882.22222222222,74555.0,68605.83333333333
2017-09-14,85700.0,83600.0,84900.0,85600.0,95487.0,85600.0,86460.0,87775.0,88000.0,86226.66666666667,79480.0,74940.0,68843.33333333333
2017-09-15,92900.0,85600.0,86400.0,92600.0,413250.0,92600.0,87140.0,88062.5,88170.0,86906.66666666667,80228.88888888889,75433.33333333333,69133.33333333333
2017-09-18,94200.0,90600.0,93100.0,90900.0,205432.0,90900.0,88180.0,88125.0,88570.0,87406.66666666667,80877.77777777778,75890.0,69406.66666666667
2017-09-19,93500.0,90200.0,91400.0,91500.0,146742.0,91500.0,89080.0,88412.5,88690.0,87776.66666666667,81542.22222222222,76370.0,69681.66666666667
2017-09-20,92500.0,90000.0,92200.0,90500.0,130290.0,90500.0,90220.0,88575.0,88700.0,88110.0,82175.55555555556,76836.66666666667,69949.16666666667
2017-09-21,98200.0,90900.0,90900.0,98000.0,688473.0,98000.0,92700.0,90112.5,89580.0,88593.33333333333,82951.11111111111,77446.66666666667,70282.5
2017-09-25,92800.0,87700.0,91900.0,88000.0,239463.0,88000.0,91780.0,90237.5,89460.0,88650.0,83466.66666666667,77886.66666666667,70525.83333333333
2017-09-26,88000.0,88000.0,88000.0,88000.0,0.0,88000.0,91200.0,90637.5,89690.0,88743.33333333333,83951.11111111111,78323.33333333333,70762.5
2017-09-27,88700.0,86700.0,87800.0,87400.0,84116.0,87400.0,90380.0,90862.5,89730.0,88816.66666666667,84377.77777777778,78776.66666666667,70989.16666666667
2017-09-28,88000.0,84000.0,87500.0,84200.0,132706.0,84200.0,89120.0,89812.5,89670.0,88423.33333333333,84746.66666666667,79163.33333333333,71185.83333333333
2017-09-29,85900.0,83000.0,84200.0,84600.0,124045.0,84600.0,86440.0,89025.0,89570.0,88093.33333333333,85102.22222222222,79556.66666666667,71387.5
2017-10-10,86300.0,83900.0,85300.0,85000.0,68007.0,85000.0,85840.0,88212.5,88810.0,88016.66666666667,85457.77777777778,79945.0,71586.66666666667
2017-10-11,88600.0,85000.0,85000.0,87000.0,106596.0,87000.0,85640.0,87775.0,88420.0,88010.0,85864.44444444444,80371.66666666667,71803.33333333333
2017-10-12,92000.0,86800.0,88100.0,91500.0,171387.0,91500.0,86460.0,86962.5,88420.0,88256.66666666667,86371.11111111111,80891.66666666667,72078.33333333333
2017-10-13,91900.0,88200.0,91900.0,88700.0,137369.0,88700.0,87360.0,87050.0,88240.0,88396.66666666667,86800.0,81386.66666666667,72325.0
2017-10-16,90000.0,84800.0,89500.0,86600.0,129620.0,86600.0,87760.0,86875.0,87100.0,88516.66666666667,87140.0,81851.66666666667,72554.16666666667
2017-10-17,87700.0,85400.0,86400.0,87000.0,68038.0,87000.0,88160.0,86825.0,87000.0,88630.0,87468.88888888889,82320.0,72789.16666666667
2017-10-18,90900.0,85000.0,86100.0,89500.0,150927.0,89500.0,88660.0,87487.5,87150.0,88700.0,87771.11111111111,82783.33333333333,73043.33333333333
2017-10-19,90500.0,87200.0,90300.0,88300.0,95394.0,88300.0,88020.0,87950.0,87240.0,88730.0,87946.66666666667,83228.33333333333,73288.33333333333
2017-10-20,89700.0,87400.0,88500.0,87800.0,56538.0,87800.0,87840.0,88300.0,87600.0,88600.0,88108.88888888889,83658.33333333333,73515.83333333333
2017-10-23,88800.0,86200.0,88000.0,87300.0,75232.0,87300.0,87980.0,88337.5,87870.0,88480.0,88193.33333333333,84061.66666666667,73742.5
2017-10-24,88200.0,86300.0,87300.0,88200.0,73535.0,88200.0,88220.0,87925.0,88190.0,88390.0,88235.55555555556,84451.66666666667,73981.66666666667
2017-10-25,94900.0,86900.0,89900.0,87300.0,458403.0,87300.0,87780.0,87750.0,88220.0,88403.33333333333,88282.22222222222,84803.33333333333,74221.66666666667
2017-10-26,89400.0,86500.0,88400.0,87200.0,103308.0,87200.0,87560.0,87825.0,87790.0,88300.0,88326.66666666667,85120.0,74463.33333333333
2017-10-27,91400.0,87200.0,87300.0,90100.0,157514.0,90100.0,88020.0,88212.5,87930.0,88290.0,88195.55555555556,85495.0,74725.0
2017-10-30,98000.0,90300.0,91000.0,96800.0,641515.0,96800.0,89920.0,89125.0,88950.0,88543.33333333333,88246.66666666667,85965.0,75040.83333333333
2017-10-31,98900.0,95300.0,96200.0,97600.0,224349.0,97600.0,91800.0,90287.5,90010.0,88823.33333333333,88475.55555555556,86441.66666666667,75351.66666666667
2017-11-01,106800.0,96500.0,97700.0,105300.0,700137.0,105300.0,95400.0,92475.0,91590.0,89476.66666666667,88877.77777777778,87051.66666666667,75725.83333333333
2017-11-02,109400.0,100500.0,106900.0,104800.0,465966.0,104800.0,98920.0,94662.5,93240.0,90070.0,89337.77777777778,87653.33333333333,76098.33333333333
2017-11-03,105000.0,100100.0,103600.0,104600.0,324719.0,104600.0,101820.0,96712.5,94920.0,90730.0,89784.44444444444,88240.0,76460.0
2017-11-06,106500.0,97200.0,104800.0,97500.0,387431.0,97500.0,101960.0,97987.5,95940.0,91126.66666666667,90106.66666666667,88676.66666666667,76745.83333333333
2017-11-07,99500.0,94800.0,96800.0,97100.0,294426.0,97100.0,101860.0,99225.0,96830.0,91276.66666666667,90406.66666666667,89091.66666666667,77035.0
2017-11-08,100600.0,97300.0,97500.0,100200.0,318977.0,100200.0,100840.0,100487.5,98120.0,91586.66666666667,90691.11111111111,89496.66666666667,77331.66666666667
2017-11-09,101700.0,94600.0,101500.0,96100.0,285266.0,96100.0,99100.0,100400.0,99010.0,91740.0,90884.44444444444,89758.33333333333,77598.33333333333
2017-11-10,98600.0,95700.0,96100.0,96900.0,126365.0,96900.0,97560.0,100312.5,99690.0,91953.33333333333,91000.0,90031.66666666667,77853.33333333333
2017-11-13,99900.0,96000.0,97000.0,98500.0,165826.0,98500.0,97760.0,99462.5,99860.0,91970.0,91168.88888888889,90281.66666666667,78124.16666666667
2017-11-14,104300.0,99600.0,99700.0,103100.0,320133.0,103100.0,98960.0,99250.0,100410.0,92473.33333333333,91440.0,90561.66666666667,78439.16666666667
2017-11-15,105100.0,99000.0,103500.0,101200.0,322035.0,101200.0,99160.0,98825.0,100000.0,92913.33333333333,91757.77777777778,90828.33333333333,78745.0
2017-11-17,99600.0,96000.0,99500.0,96500.0,234135.0,96500.0,99240.0,98700.0,99170.0,93216.66666666667,91895.55555555556,91016.66666666667,79005.0
2017-11-20,98400.0,96000.0,96800.0,97100.0,132064.0,97100.0,99280.0,98700.0,98420.0,93646.66666666667,92044.44444444444,91035.0,79264.16666666667
2017-11-21,98000.0,93800.0,98000.0,95800.0,217242.0,95800.0,98740.0,98150.0,98250.0,94020.0,92191.11111111111,91056.66666666667,79518.33333333333
2017-11-22,97100.0,89000.0,95900.0,89000.0,315053.0,89000.0,95920.0,97262.5,97440.0,94153.33333333333,92186.66666666667,91085.0,79713.33333333333
2017-11-24,91400.0,89200.0,90500.0,89300.0,90998.0,89300.0,93540.0,96312.5,96350.0,94230.0,92266.66666666667,91120.0,79905.83333333333
2017-11-27,90500.0,87200.0,88000.0,88200.0,77554.0,88200.0,91880.0,95025.0,95560.0,94120.0,92293.33333333333,91188.33333333333,80075.83333333333
2017-11-28,89900.0,87200.0,88700.0,87200.0,93034.0,87200.0,89900.0,93037.5,94590.0,94070.0,92346.66666666667,91233.33333333333,80245.83333333333
2017-11-29,88000.0,85400.0,87200.0,85800.0,156988.0,85800.0,87900.0,91112.5,93320.0,94043.33333333333,92351.11111111111,91280.0,80401.66666666667
2017-11-30,90900.0,85400.0,86200.0,85800.0,256976.0,85800.0,87260.0,89775.0,91590.0,94003.33333333333,92200.0,91316.66666666667,80543.33333333333
2017-12-01,106800.0,87700.0,87700.0,101200.0,1753283.0,101200.0,89640.0,90287.5,91590.0,94393.33333333333,92428.88888888889,91546.66666666667,80816.66666666667
2017-12-04,105900.0,98500.0,101200.0,99300.0,673303.0,99300.0,91860.0,90725.0,91870.0,94760.0,92602.22222222222,91745.0,81081.66666666667
2017-12-05,103400.0,95200.0,99900.0,96100.0,299503.0,96100.0,93640.0,91612.5,91770.0,95036.66666666667,92726.66666666667,91818.33333333333,81313.33333333333
2017-12-06,99700.0,92200.0,96100.0,93000.0,329867.0,93000.0,95080.0,92075.0,91490.0,95226.66666666667,92615.55555555556,91853.33333333333,81517.5
2017-12-07,93800.0,87400.0,93500.0,88700.0,249509.0,88700.0,95660.0,92137.5,91460.0,95243.33333333333,92631.11111111111,91816.66666666667,81682.5
2017-12-08,89700.0,86700.0,88300.0,86800.0,131903.0,86800.0,92780.0,92087.5,91210.0,95226.66666666667,92604.44444444444,91815.0,81833.33333333333
2017-12-11,89800.0,87200.0,87700.0,89800.0,96312.0,89800.0,90880.0,92587.5,91370.0,95313.33333333333,92657.77777777778,91806.66666666667,82029.16666666667
2017-12-12,92400.0,88100.0,91400.0,91600.0,144116.0,91600.0,89980.0,93312.5,91810.0,95363.33333333333,92822.22222222222,91826.66666666667,82230.83333333333
2017-12-13,96300.0,90400.0,90500.0,94600.0,186988.0,94600.0,90300.0,92487.5,92690.0,95290.0,93044.44444444444,91916.66666666667,82472.5
2017-12-14,95700.0,90400.0,95700.0,91000.0,167280.0,91000.0,90760.0,91450.0,93210.0,95070.0,93177.77777777778,91946.66666666667,82692.5
2017-12-15,93800.0,90900.0,91900.0,93800.0,84673.0,93800.0,92160.0,91162.5,92470.0,94686.66666666667,93328.88888888889,92081.66666666667,82943.33333333333
2017-12-18,93700.0,89500.0,93200.0,89800.0,124816.0,89800.0,92160.0,90762.5,91520.0,94186.66666666667,93291.11111111111,92128.33333333333,83155.83333333333
2017-12-19,92300.0,88300.0,90000.0,91100.0,116038.0,91100.0,92060.0,91062.5,91020.0,93736.66666666667,93344.44444444444,92233.33333333333,83394.16666666667
2017-12-21,103300.0,97100.0,97200.0,101200.0,679127.0,101200.0,93380.0,92862.5,91840.0,93860.0,93668.88888888889,92493.33333333333,83716.66666666667
2017-12-22,101400.0,97600.0,101200.0,99300.0,268938.0,99300.0,95040.0,94050.0,92900.0,93933.33333333333,93942.22222222222,92605.0,84019.16666666667
2017-12-26,102900.0,98500.0,98500.0,102000.0,244270.0,102000.0,96680.0,95350.0,94420.0,93993.33333333333,94220.0,92790.0,84340.0
2017-12-27,111500.0,103200.0,104900.0,109900.0,583903.0,109900.0,100700.0,97262.5,96430.0,94453.33333333333,94700.0,93096.66666666667,84733.33333333333
2017-12-28,118500.0,110900.0,112800.0,117000.0,483833.0,117000.0,105880.0,100512.5,98970.0,95123.33333333333,95348.88888888889,93538.33333333333,85187.5
2018-01-03,123700.0,116000.0,122700.0,117400.0,376849.0,117400.0,109120.0,103462.5,101250.0,95753.33333333333,96017.77777777778,93861.66666666667,85654.16666666667
2018-01-04,119900.0,110200.0,117000.0,111500.0,361479.0,111500.0,111560.0,106175.0,103300.0,96033.33333333333,96535.55555555556,94253.33333333333,86070.0
2018-01-05,119300.0,112700.0,112800.0,118300.0,431755.0,118300.0,114820.0,109575.0,105750.0,96603.33333333333,97224.44444444444,94758.33333333333,86540.83333333333
2018-01-08,123500.0,112700.0,120300.0,116600.0,456433.0,116600.0,116160.0,111500.0,108430.0,97273.33333333333,97877.77777777778,95245.0,87010.83333333333
2018-01-09,116000.0,107800.0,116000.0,108500.0,382961.0,108500.0,114460.0,112650.0,110170.0,97653.33333333333,98286.66666666667,95650.0,87406.66666666667
2018-01-10,112100.0,105000.0,110000.0,111300.0,239826.0,111300.0,113240.0,113812.5,111180.0,98170.0,98608.88888888889,96095.0,87825.83333333333
2018-01-11,114600.0,109500.0,109600.0,114600.0,167443.0,114600.0,113860.0,114400.0,112710.0,99023.33333333333,98986.66666666667,96588.33333333333,88266.66666666667
2018-01-12,120000.0,114100.0,116100.0,115000.0,378256.0,115000.0,113200.0,114150.0,114010.0,99880.0,99202.22222222222,97055.0,88713.33333333333
2018-01-15,129000.0,114600.0,116200.0,128300.0,750059.0,128300.0,115540.0,115512.5,115850.0,101216.66666666667,99724.44444444444,97668.33333333333,89280.0
2018-01-16,128200.0,118500.0,125000.0,123800.0,461715.0,123800.0,118600.0,117050.0,116530.0,102436.66666666667,100151.11111111111,98253.33333333333,89820.0
2018-01-17,123900.0,117000.0,122700.0,117000.0,305081.0,117000.0,119740.0,116887.5,116490.0,103476.66666666667,100584.44444444444,98760.0,90305.83333333333
2018-01-18,121500.0,116600.0,118900.0,118900.0,192525.0,118900.0,120600.0,117175.0,117230.0,104580.0,101068.88888888889,99291.66666666667,90805.83333333333
2018-01-19,121000.0,112200.0,119400.0,112500.0,217565.0,112500.0,120100.0,117675.0,116650.0,104956.66666666667,101342.22222222222,99675.0,91229.16666666667
2018-01-22,118200.0,108200.0,111600.0,115000.0,177105.0,115000.0,117440.0,118137.5,116490.0,105480.0,101762.22222222222,100120.0,91674.16666666667
2018-01-23,120900.0,116400.0,118000.0,119400.0,177346.0,119400.0,116560.0,118737.5,117580.0,106256.66666666667,102262.22222222222,100646.66666666667,92152.5
2018-01-24,123200.0,117000.0,121200.0,117600.0,175355.0,117600.0,116680.0,119062.5,118210.0,107076.66666666667,102686.66666666667,101151.66666666667,92606.66666666667
2018-01-25,119400.0,113500.0,119400.0,116800.0,136192.0,116800.0,116260.0,117625.0,118430.0,108013.33333333333,102991.11111111111,101628.33333333333,93040.0
2018-01-26,117400.0,113500.0,116700.0,116200.0,105287.0,116200.0,117000.0,116675.0,118550.0,108993.33333333333,103324.44444444444,102110.0,93456.66666666667
2018-01-29,117000.0,112600.0,117000.0,113300.0,179555.0,113300.0,116660.0,116212.5,117050.0,109776.66666666667,103697.77777777778,102545.0,93832.5
2018-01-30,116700.0,112200.0,112200.0,113900.0,201657.0,113900.0,115560.0,115587.5,116060.0,110520.0,104071.11111111111,102941.66666666667,94218.33333333333
2018-01-31,120300.0,114100.0,117700.0,115000.0,369556.0,115000.0,115040.0,115900.0,115860.0,111200.0,104497.77777777778,103245.0,94605.0
2020-03-12,27400.0,24750.0,27200.0,24900.0,302451.0,24900.0,96660.0,104637.5,106460.0,108996.66666666667,103073.33333333333,102033.33333333333,94237.5
